10
 
0 -0.30214730731404194 0.6662149795339445
1 -1.1722586016739405 0.669442748767456
2 -0.32522920221957796 0.2598394451838548
3 -1.0321426460730496 0.4915844205652052
4 -0.9997965038610455 -0.7605715370040533
5 -0.347349843454862 0.0929202355327266
6 -0.17200568787631168 -0.7311456995974248
7 0.36250479827091864 -0.018420699811071375
8 0.08441247204264388 -0.9687062786206375
9 -0.288734384899278 -1.007944425780264
0 -0.37609777086118723 0.566740749404423
1 -1.3506818568276762 0.6567299578696262
2 -0.42983717086175566 0.1897207410118631
3 -1.0675939374686 0.3609797041150459
4 -1.1316354867517775 -0.9492456090866925
5 -0.35391702323137353 0.04940609634731564
6 -0.34385488654374635 -0.7496600473510782
7 0.22984103887290794 -0.06551283533044541
8 -0.06934635655418925 -1.0575323361498457
9 -0.3630616896649682 -1.0233091330408886
0 -0.4500482344083325 0.46726651927490154
1 -1.5291051119814119 0.6440171669717963
2 -0.5344451395039334 0.11960203683987138
3 -1.1030452288641506 0.23037498766488657
4 -1.2634744696425095 -1.1379196811693317
5 -0.3604842030078851 0.0058919571619046734
6 -0.515704085211181 -0.7681743951047315
7 0.09717727947489724 -0.11260497084981945
8 -0.22310518515102237 -1.1463583936790538
9 -0.43738899443065843 -1.038673840301513
0 -0.5239986979554778 0.3677922891453801
1 -1.7075283671351476 0.6313043760739665
2 -0.639053108146111 0.04948333266787966
3 -1.138496520259701 0.09977027121472726
4 -1.3953134525332416 -1.326593753251971
5 -0.36705138278439664 -0.03762218202350629
6 -0.6875532838786157 -0.7866887428583849
7 -0.03548647992311346 -0.1596971063691935
8 -0.3768640137478555 -1.235184451208262
9 -0.5117162991963486 -1.0540385475621374
0 -0.5979491615026231 0.26831805901585865
1 -1.8859516222888832 0.6185915851761367
2 -0.7436610767882887 -0.020635371504112057
3 -1.1739478116552515 -0.03083444523543205
4 -1.5271524354239736 -1.5152678253346101
5 -0.3736185625609082 -0.08113632120891726
6 -0.8594024825460503 -0.8052030906120382
7 -0.16815023932112416 -0.2067892418885675
8 -0.5306228423446886 -1.32401050873747
9 -0.5860436039620389 -1.0694032548227619
0 -0.6718996250497684 0.1688438288863372
1 -2.064374877442619 0.6058787942783068
2 -0.8482690454304664 -0.09075407567610377
3 -1.209399103050802 -0.16143916168559136
4 -1.6589914183147056 -1.7039418974172493
5 -0.38018574233741975 -0.12465046039432823
6 -1.031251681213485 -0.8237174383656916
7 -0.30081399871913483 -0.25388137740794153
8 -0.6843816709415217 -1.4128365662666782
9 -0.6603709087277292 -1.0847679620833863
0 -0.7458500885969137 0.06936959875681574
1 -2.242798132596355 0.593166003380477
2 -0.9528770140726441 -0.1608727798480955
3 -1.2448503944463525 -0.29204387813575067
4 -1.7908304012054377 -1.8926159694998885
5 -0.3867529221139313 -0.1681645995797392
6 -1.2031008798809197 -0.8422317861193449
7 -0.4334777581171455 -0.30097351292731556
8 -0.8381404995383548 -1.5016626237958863
9 -0.7346982134934195 -1.1001326693440108
0 -0.819800552144059 -0.03010463137270572
1 -2.4212213877500908 0.5804532124826471
2 -1.0574849827148218 -0.23099148402008723
3 -1.280301685841903 -0.42264859458591
4 -1.9226693840961697 -2.0812900415825277
5 -0.39332010189044286 -0.21167873876515017
6 -1.3749500785483544 -0.8607461338729983
7 -0.5661415175151562 -0.3480656484466896
8 -0.9918993281351879 -1.5904886813250945
9 -0.8090255182591097 -1.1154973766046352
0 -0.8937510156912043 -0.1295788615022272
1 -2.5996446429038267 0.5677404215848173
2 -1.1620929513569995 -0.30111018819207896
3 -1.3157529772374534 -0.5532533110360693
4 -2.0545083669869015 -2.269964113665167
5 -0.3998872816669544 -0.2551928779505611
6 -1.546799277215789 -0.8792604816266516
7 -0.6988052769131669 -0.3951577839660636
8 -1.145658156732021 -1.6793147388543026
9 -0.8833528230248 -1.1308620838652597
0 -0.9677014792383496 -0.22905309163174864
1 -2.7780678980575626 0.5550276306869875
2 -1.2667009199991772 -0.3712288923640707
3 -1.351204268633004 -0.6838580274862287
4 -2.1863473498776336 -2.458638185747806
5 -0.406454461443466 -0.2987070171359721
6 -1.7186484758832237 -0.897774829380305
7 -0.8314690363111775 -0.4422499194854376
8 -1.2994169853288542 -1.7681407963835107
9 -0.9576801277904903 -1.146226791125884
0 -1.0416519427854949 -0.3285273217612701
1 -2.9564911532112985 0.5423148397891576
2 -1.371308888641355 -0.4413475965360624
3 -1.3866555600285544 -0.8144627439363881
4 -2.3181863327683656 -2.6473122578304453
5 -0.41302164121997753 -0.34222115632138306
6 -1.8904976745506583 -0.9162891771339583
7 -0.9641327957091882 -0.48934205500481165
8 -1.4531758139256874 -1.8569668539127189
9 -1.0320074325561805 -1.1615914983865085
0 -1.1156024063326402 -0.42800155189079153
1 -3.1349144083650344 0.5296020488913278
2 -1.4759168572835326 -0.5114663007080541
3 -1.4221068514241049 -0.9450674603865474
4 -2.4500253156590976 -2.8359863299130845
5 -0.4195888209964891 -0.38573529550679403
6 -2.062346873218093 -0.9348035248876116
7 -1.096796555107199 -0.5364341905241857
8 -1.6069346425225206 -1.945792911441927
9 -1.1063347373218708 -1.176956205647133
0 -1.1895528698797855 -0.527475782020313
1 -3.3133376635187703 0.5168892579934979
2 -1.5805248259257103 -0.5815850048800458
3 -1.4575581428196553 -1.0756721768367068
4 -2.5818642985498297 -3.0246604019957237
5 -0.42615600077300064 -0.429249434692205
6 -2.234196071885528 -0.953317872641265
7 -1.2294603145052097 -0.5835263260435598
8 -1.7606934711193538 -2.0346189689711354
9 -1.180662042087561 -1.1923209129077574
0 -1.2635033334269308 -0.6269500121498345
1 -3.4917609186725063 0.5041764670956681
2 -1.685132794567888 -0.6517037090520376
3 -1.4930094342152058 -1.2062768932868662
4 -2.7137032814405617 -3.213334474078363
5 -0.4327231805495122 -0.472763573877616
6 -2.406045270552963 -0.9718322203949183
7 -1.3621240739032203 -0.6306184615629339
8 -1.914452299716187 -2.1234450265003435
9 -1.2549893468532514 -1.2076856201683819
0 -1.337453796974076 -0.726424242279356
1 -3.670184173826242 0.49146367619783826
2 -1.7897407632100657 -0.7218224132240293
3 -1.5284607256107563 -1.3368816097370255
4 -2.8455422643312938 -3.402008546161002
5 -0.43929036032602375 -0.5162777130630269
6 -2.5778944692203978 -0.9903465681485717
7 -1.494787833301231 -0.677710597082308
8 -2.06821112831302 -2.2122710840295516
9 -1.3293166516189416 -1.2230503274290063
0 -1.4114042605212214 -0.8258984724088775
1 -3.848607428979978 0.4787508853000084
2 -1.8943487318522434 -0.791941117396021
3 -1.5639120170063068 -1.4674863261871849
4 -2.977381247222026 -3.5906826182436413
5 -0.4458575401025353 -0.5597918522484379
6 -2.7497436678878326 -1.008860915902225
7 -1.6274515926992417 -0.724802732601682
8 -2.221969956909853 -2.3010971415587598
9 -1.403643956384632 -1.2384150346896308
0 -1.4853547240683667 -0.925372702538399
1 -4.027030684133714 0.4660380944021786
2 -1.998956700494421 -0.8620598215680128
3 -1.5993633084018573 -1.5980910426373443
4 -3.109220230112758 -3.7793566903262805
5 -0.45242471987904687 -0.6033059914338488
6 -2.9215928665552675 -1.0273752636558784
7 -1.7601153520972523 -0.7718948681210561
8 -2.3757287855066864 -2.389923199087968
9 -1.4779712611503222 -1.2537797419502552
0 -1.559305187615512 -1.0248469326679204
1 -4.20545393928745 0.45332530350434874
2 -2.1035646691365986 -0.9321785257400045
3 -1.6348145997974077 -1.7286957590875036
4 -3.24105921300349 -3.9680307624089197
5 -0.4589918996555584 -0.6468201306192597
6 -3.0934420652227024 -1.0458896114095317
7 -1.892779111495263 -0.8189870036404302
8 -2.5294876141035196 -2.478749256617176
9 -1.5522985659160125 -1.2691444492108797
0 -1.6332556511626573 -1.1243211627974419
1 -4.383877194441186 0.4406125126065189
2 -2.2081726377787763 -1.002297229911996
3 -1.6702658911929582 -1.859300475537663
4 -3.372898195894222 -4.156704834491559
5 -0.46555907943207 -0.6903342698046706
6 -3.2652912638901372 -1.064403959163185
7 -2.025442870893274 -0.8660791391598043
8 -2.683246442700353 -2.567575314146384
9 -1.6266258706817027 -1.284509156471504
0 -1.7072061147098025 -1.2237953929269634
1 -4.562300449594922 0.42789972170868906
2 -2.312780606420954 -1.0724159340839878
3 -1.7057171825885087 -1.9899051919878223
4 -3.504737178784954 -4.345378906574198
5 -0.47212625920858153 -0.7338484089900815
6 -3.437140462557572 -1.0829183069168384
7 -2.1581066302912846 -0.9131712746791784
8 -2.837005271297186 -2.6564013716755923
9 -1.700953175447393 -1.2998738637321285
0 -1.7811565782569478 -1.3232696230564849
1 -4.740723704748658 0.4151869308108592
2 -2.4173885750631317 -1.1425346382559796
3 -1.7411684739840592 -2.1205099084379815
4 -3.636576161675686 -4.534052978656837
5 -0.4786934389850931 -0.7773625481754924
6 -3.608989661225007 -1.1014326546704918
7 -2.2907703896892952 -0.9602634101985524
8 -2.9907640998940193 -2.7452274292048005
9 -1.7752804802130833 -1.315238570992753
0 -1.8551070418040931 -1.4227438531860064
1 -4.919146959902394 0.4024741399130294
2 -2.5219965437053093 -1.2126533424279713
3 -1.7766197653796096 -2.2511146248881406
4 -3.768415144566418 -4.7227270507394765
5 -0.48526061876160465 -0.8208766873609034
6 -3.780838859892442 -1.1199470024241451
7 -2.423434149087306 -1.0073555457179264
8 -3.1445229284908525 -2.8340534867340086
9 -1.8496077849787735 -1.3306032782533774
0 -1.9290575053512384 -1.5222180833155279
1 -4.9024297849438705 0.38976134901519954
2 -2.626604512347487 -1.282772046599963
3 -1.8120710567751601 -2.3817193413382998
4 -3.90025412745715 -4.911401122822116
5 -0.4918277985381162 -0.8643908265463143
6 -3.9526880585598767 -1.1384613501777985
7 -2.5560979084853166 -1.0544476812373005
8 -3.2982817570876857 -2.9228795442632167
9 -1.9239350897444638 -1.3459679855140019
0 -2.0030079688983835 -1.6216923134450494
1 -4.724006529790135 0.3770485581173697
2 -2.7312124809896647 -1.3528907507719548
3 -1.8475223481707106 -2.512324057788459
4 -4.032093110347882 -4.899924805095245
5 -0.49839497831462776 -0.9079049657317252
6 -4.124537257227312 -1.1569756979314518
7 -2.6887616678833273 -1.1015398167566746
8 -3.452040585684519 -3.011705601792425
9 -1.998262394510154 -1.3613326927746263
0 -2.0769584324455286 -1.7211665435745709
1 -4.545583274636399 0.36433576721953986
2 -2.8358204496318424 -1.4230094549439465
3 -1.882973639566261 -2.642928774238618
4 -4.163932093238613 -4.711250733012606
5 -0.5049621580911393 -0.9514191049171361
6 -4.296386455894746 -1.1754900456851052
7 -2.821425427281338 -1.1486319522760486
8 -3.605799414281352 -3.100531659321633
9 -2.072589699275844 -1.3766974000352508
0 -2.1509088959926737 -1.8206407737040924
1 -4.367160019482663 0.35162297632171
2 -2.94042841827402 -1.4931281591159382
3 -1.9184249309618115 -2.773533490688777
4 -4.295771076129345 -4.522576660929967
5 -0.5115293378676509 -0.994933244102547
6 -4.46823565456218 -1.1940043934387585
7 -2.9540891866793486 -1.1957240877954227
8 -3.7595582428781853 -3.189357716850841
9 -2.1469170040415344 -1.3920621072958752
0 -2.2248593595398187 -1.9201150038336139
1 -4.188736764328927 0.3389101854238802
2 -3.045036386916198 -1.56324686328793
3 -1.953876222357362 -2.9041382071389363
4 -4.427610059020076 -4.3339025888473275
5 -0.5180965176441624 -1.038447383287958
6 -4.640084853229615 -1.2125187411924119
7 -3.0867529460773593 -1.2428162233147968
8 -3.9133170714750185 -3.2781837743800493
9 -2.2212443088072247 -1.4074268145564997
0 -2.298809823086964 -2.0195892339631354
1 -4.010313509175191 0.32619739452605034
2 -3.1496443555583755 -1.6333655674599217
3 -1.9893275137529125 -3.0347429235890955
4 -4.559449041910808 -4.145228516764688
5 -0.524663697420674 -1.081961522473369
6 -4.811934051897049 -1.2310330889460652
7 -3.21941670547537 -1.2899083588341709
8 -4.067075900071852 -3.3670098319092574
9 -2.295571613572915 -1.422791521817124
0 -2.372760286634109 -2.119063464092657
1 -3.831890254021455 0.3134846036282205
2 -3.254252324200553 -1.7034842716319134
3 -2.024778805148463 -3.1653476400392546
4 -4.69128802480154 -3.956554444682049
5 -0.5312308771971855 -1.12547566165878
6 -4.983783250564484 -1.2495474366997186
7 -3.3520804648733806 -1.337000494353545
8 -4.2208347286686845 -3.4558358894384655
9 -2.369898918338605 -1.4381562290777485
0 -2.446710750181254 -2.2185376942221784
1 -3.653466998867719 0.30077181273039066
2 -3.358860292842731 -1.7736029758039051
3 -2.0602300965440135 -3.2959523564894138
4 -4.823127007692271 -3.76788037259941
5 -0.5377980569736971 -1.168989800844191
6 -4.844367550768082 -1.268061784453372
7 -3.4847442242713913 -1.384092629872919
8 -4.374593557265517 -3.5446619469676737
9 -2.4442262231042955 -1.453520936338373
0 -2.520661213728399 -2.3180119243517
1 -3.475043743713983 0.2880590218325608
2 -3.4634682614849086 -1.8437216799758969
3 -2.095681387939564 -3.426557072939573
4 -4.954965990583003 -3.5792063005167707
5 -0.5443652367502086 -1.212503940029602
6 -4.6725183521006475 -1.2865761322070253
7 -3.617407983669402 -1.4311847653922931
8 -4.52835238586235 -3.633488004496882
9 -2.5185535278699858 -1.4688856435989974
0 -2.594611677275544 -2.4174861544812214
1 -3.2966204885602473 0.275346230934731
2 -3.5680762301270863 -1.9138403841478886
3 -2.1311326793351144 -3.557161789389732
4 -4.913195026526266 -3.3905322284341315
5 -0.5509324165267202 -1.256018079215013
6 -4.500669153433213 -1.3050904799606786
7 -3.7500717430674126 -1.4782769009116672
8 -4.682111214459183 -3.72231406202609
9 -2.592880832635676 -1.4842503508596219
0 -2.668562140822689 -2.516960384610743
1 -3.1181972334065113 0.26263344003690114
2 -3.672684198769264 -1.9839590883198803
3 -2.166583970730665 -3.687766505839891
4 -4.781356043635534 -3.2018581563514923
5 -0.5574995963032318 -1.299532218400424
6 -4.328819954765779 -1.323604827714332
7 -3.8827355024654233 -1.5253690364310413
8 -4.8358700430560155 -3.811140119555298
9 -2.6672081374013663 -1.4996150581202463
0 -2.7425126043698342 -2.6164346147402644
1 -2.9397739782527754 0.24992064913907128
2 -3.7772921674114417 -2.054077792491872
3 -2.2020352621262154 -3.8183712222900503
4 -4.649517060744802 -3.013184084268853
5 -0.5640667760797433 -1.3430463575858351
6 -4.156970756098344 -1.3421191754679853
7 -4.015399261863434 -1.5724611719504153
8 -4.989628871652848 -3.899966177084506
9 -2.7415354421670566 -1.5149797653808708
0 -2.8164630679169793 -2.715908844869786
1 -2.7613507230990395 0.2372078582412414
2 -3.8819001360536194 -2.124196496663864
3 -2.237486553521766 -3.9489759387402095
4 -4.517678077854071 -2.824510012186214
5 -0.5706339558562549 -1.3865604967712462
6 -3.9851215574309093 -1.3606335232216387
7 -4.1480630212614455 -1.6195533074697894
8 -4.856612299750319 -3.9887922346137143
9 -2.815862746932747 -1.5303444726414952
0 -2.8904135314641244 -2.8153830749993074
1 -2.5829274679453036 0.22449506734341154
2 -3.986508104695797 -2.1943152008358555
3 -2.2729378449173163 -4.079580655190369
4 -4.385839094963339 -2.6358359401035747
5 -0.5772011356327664 -1.4300746359566572
6 -3.8132723587634745 -1.379147870975292
7 -4.280726780659457 -1.6666454429891635
8 -4.702853471153486 -4.0776182921429225
9 -2.890190051698437 -1.5457091799021196
0 -2.9643639950112695 -2.914857305128829
1 -2.4045042127915677 0.21178227644558167
2 -4.091116073337974 -2.2644339050078472
3 -2.308389136312867 -4.210185371640528
4 -4.254000112072608 -2.4471618680209355
5 -0.583768315409278 -1.4735887751420682
6 -3.6414231600960396 -1.3976622187289454
7 -4.413390540057468 -1.7137375785085376
8 -4.549094642556653 -4.166444349672131
9 -2.9645173564641274 -1.561073887162744
0 -3.0383144585584145 -3.0143315352583504
1 -2.2260809576378318 0.1990694855477518
2 -4.195724041980152 -2.334552609179839
3 -2.3438404277084173 -4.340790088090688
4 -4.122161129181876 -2.2584877959382963
5 -0.5903354951857895 -1.5171029143274792
6 -3.4695739614286047 -1.4161765664825987
7 -4.546054299455479 -1.7608297140279117
8 -4.395335813959821 -4.255270407201339
9 -3.0388446612298177 -1.5764385944233685
0 -3.1122649221055596 -3.113805765387872
1 -2.047657702484096 0.18635669464992194
2 -4.30033201062233 -2.4046713133518307
3 -2.3792917191039678 -4.471394804540847
4 -3.990322146291144 -2.069813723855657
5 -0.5969026749623011 -1.5606170535128903
6 -3.29772476276117 -1.434690914236252
7 -4.67871805885349 -1.8079218495472857
8 -4.241576985362988 -4.344096464730547
9 -3.113171965995508 -1.591803301683993
0 -3.1862153856527047 -3.2132799955173934
1 -1.8692344473303601 0.17364390375209207
2 -4.404939979264507 -2.4747900175238224
3 -2.4147430104995182 -4.601999520991007
4 -3.858483163400412 -1.881139651773018
5 -0.6034698547388126 -1.6041311926983013
6 -3.125875564093735 -1.4532052619899054
7 -4.811381818251501 -1.8550139850666598
8 -4.087818156766155 -4.432922522259755
9 -3.187499270761198 -1.6071680089446174
0 -3.2601658491998498 -3.312754225646915
1 -1.6908111921766245 0.1609311128542622
2 -4.509547947906685 -2.544908721695814
3 -2.4501943018950687 -4.7326042374411665
4 -3.72664418050968 -1.6924655796903787
5 -0.6100370345153242 -1.6476453318837123
6 -2.9540263654263 -1.4717196097435588
7 -4.944045577649512 -1.902106120586034
8 -3.934059328169322 -4.521748579788963
9 -3.2618265755268885 -1.6225327162052419
0 -3.334116312746995 -3.4122284557764364
1 -1.5123879370228888 0.14821832195643234
2 -4.614155916548863 -2.615027425867806
3 -2.485645593290619 -4.863208953891326
4 -3.594805197618948 -1.5037915076077395
5 -0.6166042142918358 -1.6911594710691233
6 -2.7821771667588653 -1.490233957497212
7 -4.923290662952477 -1.949198256105408
8 -3.7803004995724887 -4.610574637318171
9 -3.3361538802925788 -1.6378974234658663
0 -3.40806677629414 -3.511702685905958
1 -1.333964681869153 0.13550553105860247
2 -4.7187638851910405 -2.6851461300397976
3 -2.5210968846861697 -4.993813670341486
4 -3.462966214728216 -1.3151174355251003
5 -0.6231713940683473 -1.7346736102545344
6 -2.6103279680914304 -1.5087483052508655
7 -4.7906269035544655 -1.996290391624782
8 -3.6265416709756555 -4.699400694847379
9 -3.410481185058269 -1.6532621307264908
0 -3.482017239841285 -3.6111769160354794
1 -1.1555414267154174 0.1227927401607726
2 -4.823371853833218 -2.7552648342117894
3 -2.55654817608172 -4.875581613208355
4 -3.331127231837484 -1.126443363442461
5 -0.6297385738448589 -1.7781877494399454
6 -2.4384787694239956 -1.5272626530045188
7 -4.657963144156454 -2.043382527144156
8 -3.4727828423788223 -4.788226752376588
9 -3.4848084898239593 -1.6686268379871152
0 -3.55596770338843 -3.710651146165001
1 -0.9771181715616817 0.11007994926294273
2 -4.927979822475396 -2.825383538383781
3 -2.5919994674772706 -4.744976896758195
4 -3.199288248946752 -0.9377692913598219
5 -0.6363057536213704 -1.8217018886253564
6 -2.2666295707565607 -1.5457770007581721
7 -4.525299384758443 -2.09047466266353
8 -3.319024013781989 -4.877052809905796
9 -3.5591357945896496 -1.6839915452477396
0 -3.629918166935575 -3.8101253762945224
1 -0.798694916407946 0.09736715836511287
2 -4.967412208882426 -2.895502242555773
3 -2.627450758872821 -4.6143721803080355
4 -3.0674492660560198 -0.7490952192771827
5 -0.642872933397882 -1.8652160278107675
6 -2.094780372089126 -1.5642913485118255
7 -4.392635625360432 -2.1375667981829043
8 -3.165265185185156 -4.965878867435004
9 -3.63346309935534 -1.699356252508364
0 -3.70386863048272 -3.909599606424044
1 -0.6202716612542103 0.084654367467283
2 -4.862804240240249 -2.9656209467277646
3 -2.6629020502683716 -4.483767463857876
4 -2.9356102831652877 -0.5604211471945435
5 -0.6494401131743935 -1.9087301669961785
6 -1.9229311734216912 -1.5828056962654788
7 -4.259971865962421 -2.1846589337022784
8 -3.0115063565883227 -4.945295075035788
9 -3.70779040412103 -1.7147209597689885
0 -3.7778190940298653 -4.009073836553565
1 -0.4418484061004746 0.07194157656945313
2 -4.758196271598071 -3.0357396508997563
3 -2.698353341663922 -4.353162747407716
4 -2.8037713002745557 -0.3717470751119043
5 -0.6560072929509051 -1.9522443061815895
6 -1.7510819747542565 -1.6013200440191322
7 -4.12730810656441 -2.2317510692216525
8 -2.8577475279914895 -4.85646901750658
9 -3.7821177088867204 -1.730085667029613
0 -3.8517695575770103 -4.1085480666830865
1 -0.2634251509467389 0.05922878567162327
2 -4.653588302955893 -3.105858355071748
3 -2.7338046330594725 -4.222558030957557
4 -2.6719323173838236 -0.1830730030292651
5 -0.6625744727274167 -1.9957584453670005
6 -1.5792327760868219 -1.6198343917727855
7 -3.9946443471663993 -2.2788432047410265
8 -2.7039886993946562 -4.767642959977372
9 -3.8564450136524107 -1.7454503742902374
0 -3.9257200211241554 -4.208022296812608
1 -0.08500189579300321 0.04651599477379341
2 -4.548980334313716 -3.1759770592437397
3 -2.769255924455023 -4.091953314507397
4 -2.5400933344930916 0.005601069053374097
5 -0.6691416525039282 -2.0392725845524113
6 -1.4073835774193872 -1.638348739526439
7 -3.8619805877683886 -2.3259353402604006
8 -2.550229870797823 -4.678816902448164
9 -3.930772318418101 -1.7608150815508619
0 -3.9996704846713005 -4.3074965269421295
1 0.09342135936073248 0.03380320387596355
2 -4.444372365671538 -3.2460957634157315
3 -2.8047072158505735 -3.961348598057238
4 -2.4082543516023596 0.1942751411360133
5 -0.6757088322804398 -2.082786723737822
6 -1.2355343787519526 -1.6568630872800922
7 -3.729316828370378 -2.3730274757797747
8 -2.39647104220099 -4.5899908449189555
9 -4.005099623183791 -1.7761797888114863
0 -4.073620948218446 -4.406970757071651
1 0.2718446145144682 0.021090412978133688
2 -4.33976439702936 -3.316214467587723
3 -2.840158507246124 -3.830743881607079
4 -2.2764153687116275 0.3829492132186525
5 -0.6822760120569513 -2.126300862923233
6 -1.063685180084518 -1.6753774350337456
7 -3.5966530689723673 -2.4201196112991488
8 -2.2427122136041566 -4.501164787389747
9 -4.0794269279494815 -1.7915444960721107
0 -4.1475714117655915 -4.5064449872011725
1 0.45026786966820387 0.008377622080303826
2 -4.2351564283871825 -3.386333171759715
3 -2.8756097986416744 -3.7001391651569198
4 -2.1445763858208955 0.5716232853012917
5 -0.6888431918334629 -2.1698150021086438
6 -0.8918359814170833 -1.693891782787399
7 -3.4639893095743566 -2.467211746818523
8 -2.0889533850073234 -4.412338729860539
9 -4.153754232715172 -1.8069092033327352
0 -4.221521875312737 -4.605919217330694
1 0.6286911248219396 -0.004335168817526037
2 -4.130548459745005 -3.4564518759317067
3 -2.911061090037225 -3.5695344487067606
4 -2.0127374029301635 0.7602973573839309
5 -0.6954103716099744 -2.2133291412940546
6 -0.7199867827496487 -1.7124061305410523
7 -3.331325550176346 -2.514303882337897
8 -1.9351945564104902 -4.323512672331331
9 -4.228081537480862 -1.8222739105933596
0 -4.2954723388598826 -4.7053934474602155
1 0.8071143799756753 -0.0170479597153559
2 -4.025940491102827 -3.5265705801036984
3 -2.9465123814327754 -3.4389297322566015
4 -1.8808984200394314 0.9489714294665701
5 -0.701977551386486 -2.2568432804794654
6 -0.548137584082214 -1.7309204782947056
7 -3.1986617907783352 -2.561396017857271
8 -1.781435727813657 -4.234686614802123
9 -4.302408842246552 -1.837638617853984
0 -4.369422802407028 -4.804867677589737
1 0.985537635129411 -0.02976075061318576
2 -3.9213325224606495 -3.59668928427569
3 -2.981963672828326 -3.3083250158064423
4 -1.7490594371486994 1.1376455015492093
5 -0.7085447311629975 -2.300357419664876
6 -0.3762883854147794 -1.749434826048359
7 -3.0659980313803246 -2.608488153376645
8 -1.6276768992168238 -4.145860557272915
9 -4.376736147012243 -1.8530033251146085
0 -4.443373265954174 -4.9043419077192585
1 1.1639608902831466 -0.04247354151101562
2 -3.8167245538184718 -3.666807988447682
3 -3.0174149642238763 -3.177720299356283
4 -1.6172204542579673 1.3263195736318485
5 -0.7151119109395091 -2.343871558850287
6 -0.2044391867473447 -1.7679491738020123
7 -2.933334271982314 -2.655580288896019
8 -1.4739180706199906 -4.057034499743707
9 -4.451063451777933 -1.868368032375233
0 -4.517323729501319 -4.99618386215122
1 1.3423841454368823 -0.05518633240884548
2 -3.712116585176294 -3.7369266926196736
3 -3.052866255619427 -3.047115582906124
4 -1.4853814713672353 1.5149936457144877
5 -0.7216790907160207 -2.387385698035698
6 -0.03258998807991004 -1.7864635215556657
7 -2.800670512584303 -2.7026724244153932
8 -1.3201592420231574 -3.9682084422144985
9 -4.525390756543623 -1.8837327396358574
0 -4.591274193048465 -4.8967096320216985
1 1.520807400590618 -0.06789912330667534
2 -3.6075086165341164 -3.8070453967916653
3 -3.0883175470149773 -2.916510866455965
4 -1.3535424884765033 1.703667717797127
5 -0.7282462704925322 -2.4308998372211086
6 0.13925921058752463 -1.804977869309319
7 -2.6680067531862925 -2.7497645599347673
8 -1.1664004134263242 -3.8793823846852904
9 -4.599718061309313 -1.8990974468964819
0 -4.66522465659561 -4.797235401892177
1 1.6992306557443537 -0.08061191420450521
2 -3.5029006478919387 -3.877164100963657
3 -3.1237688384105278 -2.7859061500058058
4 -1.2217035055857712 1.892341789879766
5 -0.7348134502690438 -2.4744139764065194
6 0.3111084092549593 -1.8234922170629724
7 -2.535342993788282 -2.7968566954541414
8 -1.012641584829491 -3.7905563271560823
9 -4.674045366075004 -1.9144621541571063
0 -4.739175120142756 -4.6977611717626555
1 1.8776539108980894 -0.09332470510233508
2 -3.398292679249761 -3.9472828051356488
3 -3.1592201298060782 -2.6553014335556466
4 -1.0898645226950392 2.0810158619624053
5 -0.7413806300455553 -2.51792811559193
6 0.48295760792239395 -1.8420065648166257
7 -2.402679234390271 -2.8439488309735155
8 -0.8588827562326579 -3.701730269626874
9 -4.748372670840694 -1.9298268614177307
0 -4.813125583689901 -4.598286941633134
1 2.056077166051825 -0.10603749600016495
2 -3.2936847106075833 -4.01740150930764
3 -3.1946714212016287 -2.5246967171054875
4 -0.9580255398043072 2.2696899340450445
5 -0.7479478098220669 -2.561442254777341
6 0.6548068065898286 -1.860520912570279
7 -2.2700154749922605 -2.8910409664928896
8 -0.7051239276358248 -3.612904212097666
9 -4.822699975606384 -1.9451915686783552
0 -4.887076047237047 -4.4988127115036125
1 2.234500421205561 -0.11875028689799481
2 -3.1890767419654056 -4.087520213479632
3 -3.230122712597179 -2.3940920006553283
4 -0.8261865569135751 2.4583640061276837
5 -0.7545149895985784 -2.604956393962752
6 0.8266560052572632 -1.8790352603239324
7 -2.13735171559425 -2.9381331020122636
8 -0.5513650990389917 -3.524078154568458
9 -4.8970272803720745 -1.9605562759389796
0 -4.961026510784192 -4.399338481374091
1 2.4129236763592967 -0.13146307779582467
2 -3.084468773323228 -4.1576389176516235
3 -3.2655740039927297 -2.263487284205169
4 -0.6943475740228431 2.647038078210323
5 -0.76108216937509 -2.6484705331481626
6 0.9985052039246979 -1.8975496080775858
7 -2.004687956196239 -2.9852252375316377
8 -0.39760627044215857 -3.4352520970392497
9 -4.971354585137765 -1.975920983199604
0 -4.965023025668662 -4.2998642512445695
1 2.5913469315130326 -0.14417586869365454
2 -2.97986080468105 -4.227757621823615
3 -3.30102529538828 -2.13288256775501
4 -0.562508591132111 2.835712150292962
5 -0.7676493491516015 -2.6919846723335734
6 1.1703544025921326 -1.9160639558312391
7 -1.8720241967982285 -3.032317373051012
8 -0.24384744184532545 -3.3464260395100416
9 -4.954318110096545 -1.9912856904602285
0 -4.891072562121517 -4.200390021115048
1 2.7697701866667686 -0.1568886595914844
2 -2.8752528360388725 -4.297876325995607
3 -3.3364765867838306 -2.002277851304851
4 -0.430669608241379 3.0243862223756013
5 -0.7742165289281131 -2.735498811518984
6 1.3422036012595673 -1.9345783035848925
7 -1.7393604374002178 -3.079409508570386
8 -0.09008861324849232 -3.2575999819808334
9 -4.879990805330855 -2.006650397720853
0 -4.817122098574371 -4.1009157909855265
1 2.9481934418205045 -0.16960145048931427
2 -2.770644867396695 -4.367995030167599
3 -3.371927878179381 -1.8716731348546916
4 -0.298830625350647 3.2130602944582405
5 -0.7807837087046247 -2.779012950704395
6 1.514052799927002 -1.9530926513385458
7 -1.6066966780022072 -3.12650164408976
8 0.0636702153483408 -3.1687739244516253
9 -4.8056635005651644 -2.022015104981478
0 -4.743171635027226 -4.001441560856005
1 3.1266166969742404 -0.18231424138714414
2 -2.666036898754517 -4.43811373433959
3 -3.4073791695749316 -1.7410684184045322
4 -0.16699164245991496 3.4017343665408797
5 -0.7873508884811362 -2.822527089889806
6 1.6859019985944366 -1.9716069990921992
7 -1.4740329186041965 -3.173593779609134
8 0.21742904394517393 -3.079947866922417
9 -4.731336195799474 -2.0373798122421025
0 -4.66922117148008 -3.9019673307264835
1 3.3050399521279763 -0.195027032284974
2 -2.5614289301123394 -4.508232438511582
3 -3.442830460970482 -1.6104637019543728
4 -0.035152659569182954 3.590408438623519
5 -0.7939180682576478 -2.8660412290752166
6 1.8577511972618712 -1.9901213468458525
7 -1.3413691592061858 -3.220685915128508
8 0.371187872542007 -2.991121809393209
9 -4.657008891033784 -2.052744519502727
0 -4.595270707932935 -3.802493100596962
1 3.483463207281712 -0.20773982318280387
2 -2.4568209614701617 -4.578351142683574
3 -3.4782817523660325 -1.4798589855042135
4 0.09668632332154906 3.779082510706158
5 -0.8004852480341593 -2.9095553682606274
6 2.029600395929306 -2.008635694599506
7 -1.2087053998081752 -3.267778050647882
8 0.5249467011388401 -2.902295751864001
9 -4.582681586268094 -2.068109226763352
0 -4.521320244385789 -3.7030188704674405
1 3.661886462435448 -0.22045261408063374
2 -2.352212992827984 -4.648469846855566
3 -3.513733043761583 -1.349254269054054
4 0.22852530621228107 3.9677565827887973
5 -0.8070524278106709 -2.9530695074460382
6 2.201449594596741 -2.027150042353159
7 -1.0760416404101645 -3.3148701861672563
8 0.6787055297356732 -2.8134696943347928
9 -4.508354281502403 -2.0834739340239765
0 -4.447369780838644 -3.603544640337919
1 3.840309717589184 -0.2331654049784636
2 -2.2476050241858063 -4.718588551027557
3 -3.5491843351571335 -1.2186495526038947
4 0.3603642891030131 4.1564306548714365
5 -0.8136196075871824 -2.996583646631449
6 2.373298793264176 -2.045664390106812
7 -0.9433778810121538 -3.3619623216866303
8 0.8324643583325063 -2.7246436368055846
9 -4.434026976736713 -2.098838641284601
0 -4.373419317291498 -3.5040704102083975
1 4.01873297274292 -0.24587819587629348
2 -2.1429970555436286 -4.788707255199549
3 -3.584635626552684 -1.0880448361537354
4 0.49220327199374514 4.345104726954076
5 -0.820186787363694 -3.04009778581686
6 2.5451479919316107 -2.0641787378604652
7 -0.8107141216141431 -3.4090544572060044
8 0.9862231869293394 -2.6358175792763765
9 -4.359699671971023 -2.114203348545226
0 -4.299468853744353 -3.404596180078876
1 4.197156227896656 -0.25859098677412334
2 -2.038389086901451 -4.858825959371541
3 -3.6200869179482345 -0.957440119703576
4 0.6240422548844772 4.533778799036715
5 -0.8267539671402055 -3.0836119250022707
6 2.7169971905990455 -2.0826930856141184
7 -0.6780503622161325 -3.4561465927253785
8 1.1399820155261726 -2.5469915217471684
9 -4.2853723672053325 -2.1295680558058505
0 -4.225518390197207 -3.3051219499493545
1 4.375579483050392 -0.2713037776719532
2 -1.9337811182592732 -4.928944663543533
3 -3.655538209343785 -0.8268354032534166
4 0.7558812377752092 4.722452871119354
5 -0.8333211469167171 -3.1271260641876815
6 2.8888463892664804 -2.1012074333677715
7 -0.5453866028181218 -3.5032387282447526
8 1.2937408441230058 -2.4581654642179602
9 -4.211045062439642 -2.144932763066475
0 -4.151567926650062 -3.205647719819833
1 4.554002738204128 -0.284016568569783
2 -1.8291731496170955 -4.999063367715524
3 -3.6909895007393354 -0.6962306868032573
4 0.8877202206659413 4.911126943201993
5 -0.8398883266932287 -3.1706402033730923
6 3.0606955879339153 -2.1197217811214246
7 -0.4127228434201111 -3.5503308637641267
8 1.447499672719839 -2.369339406688752
9 -4.136717757673952 -2.1602974703271
0 -4.077617463102916 -3.1061734896903115
1 4.732425993357864 -0.29672935946761286
2 -1.7245651809749178 -4.930817928112484
3 -3.726440792134886 -0.5656259703530979
4 1.0195592035566732 4.9001989847153675
5 -0.8464555064697402 -3.214154342558503
6 3.23254478660135 -2.1382361288750777
7 -0.28005908402210045 -3.5974229992835007
8 1.6012585013166722 -2.280513349159544
9 -4.062390452908262 -2.1756621775877245
0 -4.0036669995557705 -3.00669925956079
1 4.9108492485115995 -0.3094421503654427
2 -1.6199572123327401 -4.860699223940492
3 -3.7618920835304364 -0.4350212539029386
4 1.1513981864474052 4.711524912632728
5 -0.8530226862462518 -3.257668481743914
6 3.404393985268785 -2.156750476628731
7 -0.14739532462408975 -3.644515134802875
8 1.7550173299135055 -2.191687291630336
9 -3.9880631481425715 -2.191026884848349
0 -3.9297165360086255 -2.9072250294312685
1 4.9107274963346645 -0.32215494126327254
2 -1.5153492436905625 -4.7905805197685005
3 -3.797343374925987 -0.3044165374527793
4 1.2832371693381373 4.522850840550089
5 -0.8595898660227633 -3.3011826209293247
6 3.57624318393622 -2.175264824382384
7 -0.014731565226079046 -3.691607270322249
8 1.9087761585103387 -2.1028612341011277
9 -3.913735843376881 -2.206391592108974
0 -3.8557660724614804 -2.807750799301747
1 4.732304241180929 -0.3348677321611024
2 -1.4107412750483848 -4.720461815596509
3 -3.8327946663215373 -0.17381182100262
4 1.4150761522288693 4.33417676846745
5 -0.8661570457992749 -3.3446967601147355
6 3.7480923826036547 -2.193779172136037
7 0.11793219417193165 -3.738699405841623
8 2.062534987107172 -2.0140351765719195
9 -3.839408538611191 -2.2217562993695985
0 -3.7818156089143353 -2.7082765691722255
1 4.553880986027193 -0.3475805230589322
2 -1.306133306406207 -4.650343111424517
3 -3.868245957717088 -0.043207104552460684
4 1.5469151351196013 4.145502696384811
5 -0.8727242255757864 -3.3882108993001463
6 3.9199415812710896 -2.2122935198896903
7 0.25059595356994235 -3.785791541360997
8 2.216293815704005 -1.9252091190427114
9 -3.7650812338455006 -2.237121006630223
0 -3.7078651453671903 -2.608802339042704
1 4.375457730873457 -0.36029331395676206
2 -1.2015253377640294 -4.580224407252525
3 -3.9036972491126383 0.08739761189769862
4 1.6787541180103334 3.9568286243021715
5 -0.879291405352298 -3.431725038485557
6 4.091790779938524 -2.2308078676433434
7 0.383259712967953 -3.832883676880371
8 2.3700526443008383 -1.8363830615135033
9 -3.6907539290798104 -2.252485713890848
0 -3.633914681820045 -2.5093281089131825
1 4.197034475719721 -0.3730061048545919
2 -1.0969173691218517 -4.510105703080534
3 -3.9391485405081887 0.21800232834785793
4 1.8105931009010654 3.7681545522195323
5 -0.8858585851288096 -3.475239177670968
6 4.2636399786059584 -2.2493222153969965
7 0.5159234723659637 -3.879975812399745
8 2.5238114728976715 -1.7475570039842951
9 -3.61642662431412 -2.2678504211514725
0 -3.5599642182729 -2.409853878783661
1 4.018611220565985 -0.38571889575242174
2 -0.992309400479674 -4.439986998908542
3 -3.9745998319037392 0.34860704479801724
4 1.9424320837917974 3.579480480136893
5 -0.8924257649053211 -3.5187533168563787
6 4.435489177273393 -2.2678365631506496
7 0.6485872317639744 -3.9270679479191193
8 2.6775703014945047 -1.658730946455087
9 -3.54209931954843 -2.283215128412097
0 -3.486013754725755 -2.3103796486541395
1 3.840187965412249 -0.3984316866502516
2 -0.8877014318374963 -4.36986829473655
3 -4.01005112329929 0.47921176124817655
4 2.0742710666825293 3.390806408054254
5 -0.8989929446818327 -3.5622674560417895
6 4.607338375940827 -2.2863509109043028
7 0.781250991161985 -3.9741600834384934
8 2.831329130091338 -1.5699048889258789
9 -3.4677720147827396 -2.298579835672722
0 -3.41206329117861 -2.210905418524618
1 3.661764710258513 -0.4111444775480814
2 -0.7830934631953186 -4.299749590564558
3 -4.04550241469484 0.6098164776983359
4 2.2061100495732613 3.2021323359716147
5 -0.9055601244583442 -3.6057815952272003
6 4.779187574608262 -2.304865258657956
7 0.9139147505599957 -4.021252218957867
8 2.985087958688171 -1.4810788313966707
9 -3.3934447100170493 -2.3139445429333465
0 -3.338112827631465 -2.1114311883950965
1 3.483341455104777 -0.42385726844591126
2 -0.6784854945531409 -4.229630886392567
3 -4.080953706090391 0.7404211941484953
4 2.3379490324639933 3.0134582638889755
5 -0.9121273042348558 -3.649295734412611
6 4.951036773275696 -2.323379606411609
7 1.0465785099580065 -4.068344354477241
8 3.1388467872850043 -1.3922527738674626
9 -3.319117405251359 -2.329309250193971
0 -3.26416236408432 -2.011956958265575
1 3.3049181999510413 -0.4365700593437411
2 -0.5738775259109632 -4.159512182220575
3 -4.116404997485941 0.8710259105986546
4 2.4697880153547254 2.8247841918063363
5 -0.9186944840113673 -3.692809873598022
6 4.877114028056869 -2.341893954165262
7 1.1792422693560172 -4.115436489996615
8 3.2926056158818375 -1.3034267163382545
9 -3.2447901004856687 -2.344673957454596
0 -3.1902119005371747 -1.9124827281360535
1 3.1264949447973054 -0.44928285024157094
2 -0.4692695572687855 -4.089393478048583
3 -4.151856288881492 1.001630627048814
4 2.6016269982454574 2.636110119723697
5 -0.9252616637878789 -3.7363240127834327
6 4.705264829389435 -2.3604083019189153
7 1.3119060287540278 -4.162528625515988
8 3.4463644444786707 -1.2146006588090463
9 -3.1704627957199785 -2.3600386647152205
0 -3.1162614369900297 -1.813008498006532
1 2.9480716896435695 -0.4619956411394008
2 -0.3646615886266078 -4.0192747738765915
3 -4.187307580277042 1.1322353434989734
4 2.7334659811361894 2.447436047641058
5 -0.9318288435643904 -3.7798381519688435
6 4.533415630722001 -2.3789226496725684
7 1.4445697881520385 -4.209620761035362
8 3.600123273075504 -1.1257746012798382
9 -3.096135490954288 -2.375403371975845
0 -3.0423109734428846 -1.7135342678770105
1 2.7696484344898336 -0.4747084320372306
2 -0.2600536199844301 -3.9491560697045998
3 -4.222758871672593 1.2628400599491327
4 2.8653049640269215 2.2587619755584187
5 -0.938396023340902 -3.8233522911542543
6 4.361566432054566 -2.3974369974262215
7 1.5772335475500492 -4.256712896554736
8 3.753882101672337 -1.03694854375063
9 -3.021808186188598 -2.39076807923647
0 -2.9683605098957395 -1.614060037747489
1 2.5912251793360976 -0.48742122293506046
2 -0.1554456513422524 -3.879037365532608
3 -4.258210163068143 1.393444776399292
4 2.9971439469176535 2.0700879034757795
5 -0.9449632031174136 -3.866866430339665
6 4.189717233387132 -2.4159513451798746
7 1.7098973069480599 -4.303805032074109
8 3.9076409302691704 -0.9481224862214219
9 -2.9474808814229077 -2.4061327864970945
0 -2.8944100463485944 -1.5145858076179675
1 2.4128019241823617 -0.5001340138328904
2 -0.05083768270007473 -3.8089186613606163
3 -4.2936614544636935 1.5240494928494515
4 3.1289829298083855 1.8814138313931403
5 -0.9515303828939251 -3.910380569525076
6 4.017868034719697 -2.4344656929335278
7 1.8425610663460705 -4.350897167593483
8 4.061399758866004 -0.8592964286922138
9 -2.8731535766572174 -2.421497493757719
0 -2.8204595828014494 -1.415111577488446
1 2.234378669028626 -0.5128468047307202
2 0.05377028594210295 -3.7387999571886246
3 -4.329112745859244 1.6546542092996108
4 3.2608219126991176 1.6927397593105011
5 -0.9580975626704367 -3.9538947087104868
6 3.8460188360522625 -2.452980040687181
7 1.9752248257440812 -4.3979893031128565
8 4.215158587462836 -0.7704703711630057
9 -2.798826271891527 -2.436862201018344
0 -2.7465091192543043 -1.3156373473589245
1 2.05595541387489 -0.52555959562855
2 0.15837825458428062 -3.668681253016633
3 -4.3645640372547945 1.7852589257497702
4 3.3926608955898496 1.504065687227862
5 -0.9646647424469482 -3.9974088478958976
6 3.6741696373848276 -2.471494388440834
7 2.107888585142092 -4.44508143863223
8 4.368917416059669 -0.6816443136337975
9 -2.724498967125837 -2.4522269082789685
0 -2.6725586557071592 -1.216163117229403
1 1.8775321587211542 -0.5382723865263799
2 0.2629862232264583 -3.598562548844641
3 -4.400015328650345 1.9158636421999296
4 3.5244998784805817 1.3153916151452227
5 -0.9712319222234598 -4.040922987081308
6 3.5023204387173927 -2.490008736194487
7 2.2405523445401028 -4.492173574151604
8 4.522676244656502 -0.5928182561045894
9 -2.6501716623601466 -2.467591615539593
0 -2.598608192160014 -1.1166888870998815
1 1.6991089035674185 -0.5509851774242097
2 0.367594191868636 -3.5284438446726494
3 -4.435466620045895 2.0464683586500887
4 3.6563388613713137 1.1267175430625835
5 -0.9777991019999713 -4.084437126266719
6 3.330471240049958 -2.5085230839481403
7 2.3732161039381134 -4.539265709670977
8 4.676435073253335 -0.5039921985753812
9 -2.5758443575944563 -2.482956322800218
0 -2.524657728612869 -1.01721465697036
1 1.5206856484136828 -0.5636979683220396
2 0.4722021605108137 -3.4583251405006576
3 -4.470917911441446 2.177073075100248
4 3.7881778442620457 0.9380434709799443
5 -0.9843662817764829 -4.12795126545213
6 3.158622041382523 -2.5270374317017934
7 2.505879863336124 -4.586357845190351
8 4.830193901850167 -0.4151661410461731
9 -2.501517052828766 -2.4983210300608425
0 -2.450707265065724 -0.9177404268408385
1 1.3422623932599471 -0.5764107592198694
2 0.5768101291529913 -3.388206436328666
3 -4.506369202836996 2.307677791550407
4 3.9200168271527778 0.7493693988973051
5 -0.9909334615529944 -4.171465404637541
6 2.986772842715088 -2.5455517794554465
7 2.638543622734135 -4.633449980709725
8 4.983952730447 -0.326340083516965
9 -2.4271897480630757 -2.513685737321467
0 -2.376756801518579 -0.818266196711317
1 1.1638391381062114 -0.5891235501176992
2 0.681418097795169 -3.318087732156674
3 -4.541820494232547 2.438282508000566
4 4.051855810043509 0.5606953268146659
5 -0.997500641329506 -4.214979543822952
6 2.8149236440476533 -2.5640661272090997
7 2.7712073821321455 -4.680542116229098
8 4.862288440956167 -0.2375140259877568
9 -2.3528624432973855 -2.529050444582092
0 -2.302806337971434 -0.7187919665817954
1 0.9854158829524757 -0.6018363410155291
2 0.7860260664373467 -3.2479690279846825
3 -4.577271785628097 2.5688872244507253
4 4.183694792934241 0.37202125473202674
5 -1.0040678211060174 -4.258493683008362
6 2.6430744453802184 -2.582580474962753
7 2.903871141530156 -4.727634251748472
8 4.708529612359334 -0.14868796845854865
9 -2.278535138531695 -2.5444151518427165
0 -2.228855874424289 -0.619317736452274
1 0.80699262779874 -0.6145491319133589
2 0.8906340350795244 -3.1778503238126907
3 -4.612723077023648 2.6994919409008844
4 4.3155337758249726 0.18334718264938754
5 -1.0106350008825289 -4.302007822193773
6 2.4712252467127835 -2.601094822716406
7 3.036534900928167 -4.774726387267846
8 4.5547707837625016 -0.059861910929340484
9 -2.204207833766005 -2.559779859103341
0 -2.1549054108771437 -0.5198435063227524
1 0.6285693726450043 -0.6272619228111888
2 0.9952420037217021 -3.107731619640699
3 -4.648174368419198 2.8300966573510435
4 4.447372758715704 -0.005326889433251658
5 -1.0172021806590403 -4.345521961379184
6 2.2993760480453487 -2.619609170470059
7 3.1691986603261775 -4.821818522787219
8 4.401011955165669 0.02896414659986768
9 -2.1298805290003147 -2.575144566363966
0 -2.0809549473299986 -0.420369276193231
1 0.45014611749126865 -0.6399747137090186
2 1.0998499723638797 -3.0376129154687073
3 -4.683625659814749 2.9607013738012027
4 4.579211741606436 -0.19400096151589086
5 -1.0237693604355518 -4.389036100564595
6 2.127526849377914 -2.638123518223712
7 3.301862419724188 -4.868910658306593
8 4.247253126568836 0.11779020412907584
9 -2.0555532242346244 -2.5905092736245905
0 -2.0070044837828536 -0.32089504606370955
1 0.27172286233753296 -0.6526875046068484
2 1.2044579410060574 -2.9674942112967155
3 -4.719076951210299 3.091306090251362
4 4.711050724497167 -0.38267503359853006
5 -1.0303365402120632 -4.432550239750006
6 1.9556776507104792 -2.6566378659773653
7 3.434526179122199 -4.9160027938259665
8 4.093494297972003 0.206616261658284
9 -1.9812259194689341 -2.605873980885215
0 -1.9330540202357083 -0.2214208159341881
1 0.09329960718379726 -0.6654002955046783
2 1.309065909648235 -2.897375507124724
3 -4.75452824260585 3.221910806701521
4 4.842889707387899 -0.5713491056811693
5 -1.0369037199885747 -4.476064378935416
6 1.7838284520430445 -2.6751522137310184
7 3.5671899385202095 -4.96309492934534
8 3.93973546937517 0.2954423191874922
9 -1.9068986147032438 -2.62123868814584
0 -1.859103556688563 -0.12194658580466665
1 -0.08512364796993843 -0.6781130864025081
2 1.4136738782904128 -2.827256802952732
3 -4.7899795340014 3.35251552315168
4 4.9747286902786305 -0.7600231777638085
5 -1.0434708997650861 -4.519578518120827
6 1.6119792533756099 -2.6936665614846715
7 3.69985369791822 -4.989812935135286
8 3.785976640778337 0.38426837671670033
9 -1.8325713099375536 -2.6366033954064645
0 -1.7851530931414177 -0.02247235567514519
1 -0.2635469031236741 -0.690825877300338
2 1.5182818469325905 -2.7571380987807403
3 -4.825430825396951 3.4831202396018393
4 4.893432326830638 -0.9486972498464477
5 -1.0500380795415976 -4.563092657306238
6 1.4401300547081752 -2.7121809092383247
7 3.832517457316231 -4.942720799615913
8 3.6322178121815036 0.47309443424590847
9 -1.7582440051718633 -2.651968102667089
0 -1.7112026295942724 0.07700187445437627
1 -0.4419701582774098 -0.7035386681981678
2 1.6228898155747682 -2.6870193946087486
3 -4.860882116792501 3.6137249560519984
4 4.761593343939906 -1.1373713219290869
5 -1.056605259318109 -4.606606796491649
6 1.2682808560407406 -2.730695256991978
7 3.9651812167142415 -4.895628664096539
8 3.4784589835846704 0.5619204917751166
9 -1.683916700406173 -2.667332809927714
0 -1.637252166047127 0.17647610458389773
1 -0.6203934134311455 -0.7162514590959976
2 1.7274977842169459 -2.616900690436757
3 -4.896333408188052 3.7443296725021575
4 4.629754361049175 -1.326045394011726
5 -1.0631724390946204 -4.65012093567706
6 1.096431657373306 -2.749209604745631
7 4.097844976112253 -4.848536528577165
8 3.324700154987837 0.6507465493043247
9 -1.6095893956404828 -2.6826975171883385
0 -1.5633017024999818 0.2759503347134192
1 -0.7988166685848812 -0.7289642499938275
2 1.8321057528591236 -2.546781986264765
3 -4.931784699583602 3.8749343889523167
4 4.497915378158443 -1.5147194660943653
5 -1.069739618871132 -4.6936350748624704
6 0.9245824587058713 -2.767723952499284
7 4.230508735510264 -4.801444393057792
8 3.170941326391004 0.7395726068335329
9 -1.5352620908747925 -2.698062224448963
0 -1.4893512389528365 0.3754245648429406
1 -0.9772399237386169 -0.7416770408916573
2 1.9367137215013013 -2.4766632820927734
3 -4.967235990979153 4.005539105402476
4 4.3660763952677115 -1.7033935381770045
5 -1.0763067986476433 -4.737149214047881
6 0.7527332600384367 -2.786238300252937
7 4.363172494908275 -4.754352257538418
8 3.017182497794171 0.828398664362741
9 -1.4609347861091022 -2.713426931709588
0 -1.4154007754056912 0.47489879497246207
1 -1.1556631788923526 -0.7543898317894872
2 2.0413216901434788 -2.4065445779207817
3 -4.997312717625297 4.136143821852635
4 4.23423741237698 -1.8920676102596437
5 -1.0828739784241548 -4.780663353233292
6 0.580884061371002 -2.8047526480065903
7 4.495836254306286 -4.707260122019044
8 2.8634236691973376 0.9172247218919491
9 -1.386607481343412 -2.7287916389702125
0 -1.341450311858546 0.5743730251019835
1 -1.3340864340460883 -0.767102622687317
2 2.1459296587856564 -2.33642587374879
3 -4.9618614262297465 4.266748538302795
4 4.102398429486248 -2.080741682342283
5 -1.0894411582006662 -4.824177492418703
6 0.40903486270356737 -2.8232669957602434
7 4.628500013704297 -4.660167986499671
8 2.7096648406005044 1.0060507794211573
9 -1.3122801765777217 -2.744156346230837
0 -1.2674998483114006 0.673847255231505
1 -1.512509689199824 -0.7798154135851468
2 2.250537627427834 -2.2663071695767982
3 -4.926410134834196 4.397353254752955
4 3.9705594465955163 -2.269415754424922
5 -1.0960083379771777 -4.867691631604114
6 0.2371856640361327 -2.8417813435138966
7 4.761163773102308 -4.613075850980297
8 2.555906012003671 1.0948768369503654
9 -1.2379528718120314 -2.759521053491462
0 -1.1935493847642553 0.7733214853610265
1 -1.6909329443535597 -0.7925282044829767
2 2.355145596070012 -2.1961884654048065
3 -4.8909588434386455 4.527957971203114
4 3.8387204637047843 -2.4580898265075612
5 -1.1025755177536891 -4.9112057707895245
6 0.06533646536869803 -2.8602956912675497
7 4.893827532500319 -4.5659837154609235
8 2.402147183406838 1.1837028944795736
9 -1.1636255670463411 -2.7748857607520865
0 -1.11959892121711 0.872795715490548
1 -1.8693561995072954 -0.8052409953808065
2 2.4597535647121895 -2.1260697612328148
3 -4.855507552043095 4.658562687653274
4 3.706881480814052 -2.6467638985902004
5 -1.1091426975302006 -4.954719909974935
6 -0.10651273329873664 -2.878810039021203
7 4.97350870810167 -4.51889157994155
8 2.2483883548100048 1.2725289520087817
9 -1.0892982622806509 -2.790250468012711
0 -1.0456484576699647 0.9722699456200695
1 -2.047779454661031 -0.8179537862786364
2 2.5643615333543672 -2.055951057060823
3 -4.8200562606475446 4.789167404103433
4 3.57504249792332 -2.8354379706728396
5 -1.115709877306712 -4.998234049160346
6 -0.2783619319661713 -2.897324386774856
7 4.8408449487036584 -4.471799444422176
8 2.0946295262131716 1.3613550095379898
9 -1.0149709575149606 -2.805615175273336
0 -0.9716979941228194 1.071744175749591
1 -2.2262027098147668 -0.8306665771764662
2 2.668969501996545 -1.9858323528888313
3 -4.784604969251994 4.919772120553593
4 3.443203515032588 -3.024112042755479
5 -1.1222770570832235 -4.958251811654243
6 -0.45021113063360596 -2.915838734528509
7 4.708181189305647 -4.424707308902803
8 1.9408706976163383 1.450181067067198
9 -0.9406436527492703 -2.8209798825339605
0 -0.8977475305756741 1.1712184058791124
1 -2.4046259649685027 -0.843379368074296
2 2.7735774706387226 -1.9157136487168396
3 -4.749153677856444 4.9496231629962475
4 3.311364532141856 -3.212786114838118
5 -1.128844236859735 -4.914737672468832
6 -0.6220603293010406 -2.934353082282162
7 4.575517429907636 -4.377615173383429
8 1.7871118690195051 1.539007124596406
9 -0.86631634798358 -2.836344589794585
0 -0.8237970670285288 1.270692636008634
1 -2.5830492201222386 -0.8560921589721259
2 2.8781854392809003 -1.8455949445448478
3 -4.713702386460893 4.819018446546088
4 3.179525549251124 -3.4014601869207572
5 -1.1354114166362463 -4.8712235332834215
6 -0.7939095279684752 -2.9528674300358153
7 4.442853670509625 -4.330523037864055
8 1.633353040422672 1.6278331821256142
9 -0.7919890432178898 -2.85170929705521
0 -0.7498466034813835 1.3701668661381554
1 -2.7614724752759745 -0.8688049498699557
2 2.982793407923078 -1.7754762403728561
3 -4.678251095065343 4.688413730095928
4 3.047686566360392 -3.5901342590033964
5 -1.1419785964127578 -4.827709394098011
6 -0.9657587266359099 -2.9713817777894684
7 4.310189911111614 -4.283430902344682
8 1.4795942118258387 1.7166592396548224
9 -0.7176617384521995 -2.8670740043158345
0 -0.6758961399342382 1.469641096267677
1 -2.9398957304297104 -0.8815177407677856
2 3.0874013765652557 -1.7053575362008644
3 -4.642799803669792 4.557809013645769
4 2.91584758346966 -3.7788083310860356
5 -1.1485457761892692 -4.7841952549126
6 -1.1376079253033446 -2.9898961255431216
7 4.177526151713603 -4.236338766825308
8 1.3258353832290055 1.8054852971840305
9 -0.6433344336865092 -2.882438711576459
0 -0.601945676387093 1.5691153263971984
1 -3.1183189855834463 -0.8942305316656154
2 3.1920093452074334 -1.6352388320288727
3 -4.607348512274242 4.427204297195609
4 2.784008600578928 -3.967482403168675
5 -1.1551129559657807 -4.740681115727189
6 -1.3094571239707793 -3.0084104732967747
7 4.044862392315592 -4.189246631305934
8 1.1720765546321723 1.8943113547132386
9 -0.569007128920819 -2.897803418837084
0 -0.5279952128399477 1.66858955652672
1 -3.2967422407371823 -0.9069433225634452
2 3.296617313849611 -1.565120127856881
3 -4.571897220878691 4.29659958074545
4 2.652169617688196 -4.156156475251314
5 -1.1616801357422921 -4.697166976541778
6 -1.481306322638214 -3.026924821050428
7 3.912198632917581 -4.142154495786561
8 1.018317726035339 1.9831374122424468
9 -0.49467982415512873 -2.9131681260977085
0 -0.45404474929280236 1.7680637866562414
1 -3.475165495890918 -0.9196561134612751
2 3.401225282491789 -1.4950014236848892
3 -4.536445929483141 4.16599486429529
4 2.520330634797464 -4.344830547333953
5 -1.1682473155188036 -4.6536528373563675
6 -1.6531555213056486 -3.045439168804081
7 3.7795348735195704 -4.095062360267187
8 0.864558897438506 2.071963469771655
9 -0.4203525193894385 -2.928532833358333
0 -0.38009428574565707 1.867538016785763
1 -3.653588751044654 -0.9323689043591049
2 3.5058332511339665 -1.4248827195128975
3 -4.50099463808759 4.03539014784513
4 2.388491651906732 -4.533504619416592
5 -1.174814495295315 -4.610138698170957
6 -1.8250047199730832 -3.063953516557734
7 3.6468711141215597 -4.0479702247478135
8 0.7108000688416729 2.1607895273008633
9 -0.3460252146237483 -2.943897540618958
0 -0.3061438221985118 1.9670122469152844
1 -3.83201200619839 -0.9450816952569348
2 3.610441219776144 -1.3547640153409057
3 -4.46554334669204 3.9047854313949713
4 2.256652669016 -4.722178691499232
5 -1.1813816750718265 -4.566624558985546
6 -1.9968539186405179 -3.082467864311387
7 3.514207354723549 -4.00087808922844
8 0.5570412402448398 2.2496155848300714
9 -0.2716979098580581 -2.9592622478795825
0 -0.23219335865136648 2.0664864770448057
1 -4.010435261352126 -0.9577944861547646
2 3.715049188418322 -1.284645311168914
3 -4.430092055296489 3.774180714944812
4 2.1248136861252678 -4.910852763581871
5 -1.187948854848338 -4.523110419800135
6 -2.1687031173079525 -3.1009822120650403
7 3.3815435953255384 -3.953785953709066
8 0.4032824116480067 2.3384416423592795
9 -0.19737060509236787 -2.974626955140207
0 -0.15824289510422118 2.165960707174327
1 -4.188858516505862 -0.9705072770525944
2 3.8196571570604996 -1.2145266069969223
3 -4.394640763900939 3.643575998494653
4 1.9929747032345357 -4.90047316433549
5 -1.1945160346248493 -4.479596280614724
6 -2.3405523159753874 -3.1194965598186934
7 3.2488798359275277 -3.9066938181896917
8 0.2495235830511736 2.4272676998884877
9 -0.12304330032667764 -2.989991662400832
0 -0.0842924315570759 2.2654349373038487
1 -4.367281771659598 -0.9832200679504243
2 3.9242651257026773 -1.1444079028249305
3 -4.359189472505388 3.512971282044494
4 1.8611357203438037 -4.711799092252851
5 -1.2010832144013608 -4.4360821414293135
6 -2.5124015146428222 -3.1380109075723466
7 3.116216076529517 -3.8596016826703177
8 0.09576475445434046 2.516093757417696
9 -0.04871599556098741 -3.0053563696614565
0 -0.010341968009930619 2.36490916743337
1 -4.545705026813334 -0.9959328588482541
2 4.0288730943448545 -1.0742891986529388
3 -4.323738181109838 3.3823665655943347
4 1.7292967374530717 -4.523125020170212
5 -1.2076503941778722 -4.392568002243903
6 -2.684250713310257 -3.1565252553259997
7 2.9835523171315064 -3.8125095471509436
8 -0.05799407414249266 2.604919814946904
9 0.025611309204702823 -3.020721076922081
0 0.06360849553721466 2.4643833975628917
1 -4.72412828196707 -1.008645649746084
2 4.133481062987032 -1.004170494480947
3 -4.288286889714287 3.2517618491441755
4 1.5974577545623396 -4.334450948087572
5 -1.2142175739543837 -4.349053863058492
6 -2.856099911977692 -3.175039603079653
7 2.8508885577334957 -3.7654174116315695
8 -0.2117529027393258 2.693745872476112
9 0.09993861397039305 -3.036085784182706
0 0.13755895908435994 2.563857627692413
1 -4.9025515371208055 -1.021358440643914
2 4.23808903162921 -0.9340517903089554
3 -4.252835598318737 3.1211571326940164
4 1.4656187716716076 -4.145776876004933
5 -1.2207847537308951 -4.305539723873081
6 -3.027949110645127 -3.193553950833306
7 2.718224798335485 -3.7183252761121954
8 -0.3655117313361589 2.78257193000532
9 0.17426591873608327 -3.0514504914433305
0 0.21150942263150524 2.6633318578219347
1 -4.919025207725459 -1.034071231541744
2 4.342697000271388 -0.8639330861369636
3 -4.217384306923186 2.9905524162438573
4 1.3337797887808756 -3.957102803922294
5 -1.2273519335074066 -4.26202558468767
6 -3.1997983093125617 -3.212068298586959
7 2.5855610389374744 -3.6712331405928214
8 -0.519270559932992 2.8713979875345284
9 0.24859322350177349 -3.066815198703955
0 0.28545988617865053 2.762806087951456
1 -4.740601952571723 -1.046784022439574
2 4.447304968913565 -0.7938143819649719
3 -4.181933015527636 2.859947699793698
4 1.2019408058901435 -3.7684287318396548
5 -1.233919113283918 -4.218511445502259
6 -3.3716475079799966 -3.230582646340612
7 2.4528972795394637 -3.6241410050734473
8 -0.6730293885298251 2.9602240450637365
9 0.3229205282674637 -3.08217990596458
0 0.35941034972579583 2.8622803180809777
1 -4.562178697417987 -1.0594968133374039
2 4.551912937555743 -0.7236956777929802
3 -4.1464817241320855 2.729342983343539
4 1.0701018229994115 -3.5797546597570156
5 -1.2404862930604295 -4.174997306316849
6 -3.5434967066474314 -3.2490969940942653
7 2.320233520141453 -3.577048869554073
8 -0.8267882171266582 3.0490501025929446
9 0.3972478330331539 -3.0975446132252045
0 0.4333608132729411 2.961754548210499
1 -4.383755442264251 -1.0722096042352338
2 4.656520906197921 -0.6535769736209884
3 -4.111030432736535 2.59873826689338
4 0.9382628401086794 -3.3910805876743764
5 -1.247053472836941 -4.131483167131438
6 -3.7153459053148663 -3.2676113418479185
7 2.1875697607434423 -3.529956734034699
8 -0.9805470457234913 3.1378761601221528
9 0.47157513779884414 -3.112909320485829
0 0.5073112768200864 3.0612287783400207
1 -4.205332187110515 -1.0849223951330638
2 4.761128874840098 -0.5834582694489967
3 -4.0755791413409845 2.4681335504432207
4 0.8064238572179474 -3.202406515591737
5 -1.2536206526134523 -4.087969027946027
6 -3.887195103982301 -3.2861256896015716
7 2.0549060013454317 -3.482864598515325
8 -1.1343058743203245 3.226702217651361
9 0.5459024425645344 -3.128274027746454
0 0.5812617403672317 3.160703008469542
1 -4.026908931956779 -1.0976351860308937
2 4.865736843482276 -0.513339565277005
3 -4.040127849945434 2.3375288339930615
4 0.6745848743272154 -3.013732443509098
5 -1.2601878323899638 -4.044454888760616
6 -4.059044302649736 -3.3046400373552247
7 1.922242241947421 -3.435772462995951
8 -1.2880647029171577 3.315528275180569
9 0.6202297473302246 -3.1436387350070785
0 0.655212203914377 3.2601772385990637
1 -3.848485676803043 -1.1103479769287237
2 4.970344812124454 -0.44322086110501324
3 -4.004676558549884 2.2069241175429024
4 0.5427458914364833 -2.8250583714264588
5 -1.2667550121664752 -4.000940749575205
6 -4.23089350131717 -3.323154385108878
7 1.7895784825494103 -3.388680327476577
8 -1.441823531513991 3.404354332709777
9 0.6945570520959149 -3.159003442267703
0 0.7291626674615223 3.359651468728585
1 -3.670062421649307 -1.1230607678265536
2 4.9250472192333685 -0.3731021569330215
3 -3.969225267154333 2.0763194010927433
4 0.4109069085457513 -2.6363842993438196
5 -1.2733221919429867 -3.9574266103897946
6 -4.402742699984604 -3.341668732862531
7 1.6569147231513996 -3.341588191957203
8 -1.595582360110824 3.4931803902389853
9 0.7688843568616052 -3.174368149528328
0 0.8031131310086675 3.4591256988581067
1 -3.4916391664955713 -1.1357735587243836
2 4.820439250591191 -0.3029834527610298
3 -3.9337739757587826 1.945714684642584
4 0.27906792565501926 -2.4477102272611804
5 -1.2798893717194981 -3.913912471204384
6 -4.574591898652039 -3.360183080616184
7 1.524250963753389 -3.2944960564378287
8 -1.7493411887076573 3.5820064477681934
9 0.8432116616272954 -3.1897328567889525
0 0.8770635945558128 3.5585999289876282
1 -3.3132159113418354 -1.1484863496222135
2 4.715831281949013 -0.23286474858903805
3 -3.898322684363232 1.8151099681924245
4 0.14722894276428725 -2.259036155178541
5 -1.2864565514960096 -3.870398332018973
6 -4.746441097319473 -3.378697428369837
7 1.3915872043553783 -3.2474039209184546
8 -1.9031000173044905 3.6708325052974016
9 0.9175389663929857 -3.205097564049577
0 0.9510140581029581 3.6580741591171497
1 -3.1347926561880994 -1.1611991405200435
2 4.611223313306835 -0.16274604441704632
3 -3.8628713929676817 1.6845052517422652
4 0.015389959873555237 -2.070362083095902
5 -1.293023731272521 -3.826884192833562
6 -4.918290295986908 -3.3972117761234903
7 1.2589234449573676 -3.2003117853990806
8 -2.0568588459013237 3.7596585628266097
9 0.991866271158676 -3.220462271310202
0 1.0249645216501033 3.7575483892466712
1 -2.9563694010343635 -1.1739119314178734
2 4.506615344664658 -0.0926273402450546
3 -3.827420101572131 1.5539005352921058
4 -0.11644902301717677 -1.8816880110132628
5 -1.2995909110490325 -3.7833700536481514
6 -4.909860505345658 -3.4157261238771435
7 1.126259685559357 -3.1532196498797065
8 -2.210617674498157 3.848484620355818
9 1.0661935759243661 -3.2358269785708265
0 1.0989149851972486 3.8570226193761927
1 -2.7779461458806276 -1.1866247223157034
2 4.40200737602248 -0.022508636073062888
3 -3.7919688101765807 1.4232958188419464
4 -0.24828800590790878 -1.6930139389306236
5 -1.306158090825544 -3.7398559144627406
6 -4.7380113066782235 -3.4342404716307966
7 0.9935959261613463 -3.1061275143603324
8 -2.36437650309499 3.937310677885026
9 1.1405208806900564 -3.251191685831451
0 1.172865448744394 3.9564968495057142
1 -2.5995228907268917 -1.1993375132135333
2 4.297399407380302 0.04761006809892883
3 -3.7565175187810302 1.292691102391787
4 -0.3801269887986408 -1.5043398668479844
5 -1.3127252706020553 -3.6963417752773298
6 -4.566162108010789 -3.4527548193844497
7 0.8609321667633356 -3.0590353788409583
8 -2.5181353316918234 4.026136735414235
9 1.2148481854557467 -3.266556393092076
0 1.2468159122915392 4.055971079635236
1 -2.4210996355731558 -1.2120503041113633
2 4.192791438738125 0.11772877227092055
3 -3.7210662273854798 1.1620863859416277
4 -0.5119659716893729 -1.3156657947653452
5 -1.3192924503785668 -3.652827636091919
6 -4.394312909343355 -3.471269167138103
7 0.7282684073653249 -3.0119432433215843
8 -2.6718941602886566 4.114962792943443
9 1.289175490221437 -3.2819211003527005
0 1.3207663758386845 4.155445309764757
1 -2.24267638041942 -1.2247630950091932
2 4.088183470095947 0.18784747644291228
3 -3.6856149359899293 1.0314816694914684
4 -0.6438049545801049 -1.126991722682706
5 -1.3258596301550782 -3.609313496906508
6 -4.22246371067592 -3.489783514891756
7 0.5956046479673143 -2.96485110780221
8 -2.8256529888854898 4.203788850472651
9 1.3635027949871272 -3.297285807613325
0 1.3947168393858298 4.254919539894279
1 -2.064253125265684 -1.2374758859070232
2 3.9835755014537693 0.257966180614904
3 -3.650163644594379 0.900876953041309
4 -0.7756439374708369 -0.9383176506000668
5 -1.3324268099315897 -3.5657993577210974
6 -4.050614512008486 -3.508297862645409
7 0.4629408885693036 -2.917758972282836
8 -2.979411817482323 4.292614908001859
9 1.4378300997528175 -3.31265051487395
0 1.468667302932975 4.3543937700238
1 -1.8858298701119482 -1.2501886768048531
2 3.8789675328115916 0.32808488478689574
3 -3.6147123531988283 0.7702722365911496
4 -0.907482920361569 -0.7496435785174276
5 -1.3389939897081011 -3.5222852185356865
6 -3.878765313341051 -3.5268122103990622
7 0.3302771291712929 -2.870666836763462
8 -3.133170646079156 4.381440965531067
9 1.5121574045185078 -3.3280152221345745
0 1.5426177664801204 4.453868000153322
1 -1.7074066149582126 -1.262901467702683
2 3.774359564169414 0.39820358895888747
3 -3.579261061803278 0.6396675201409903
4 -1.039321903252301 -0.5609695064347884
5 -1.3455611694846126 -3.4787710793502757
6 -3.706916114673616 -3.5453265581527154
7 0.19761336977328223 -2.823574701244088
8 -3.2869294746759894 4.470267023060275
9 1.586484709284198 -3.343379929395199
0 1.6165682300272657 4.553342230282843
1 -1.5289833598044769 -1.275614258600513
2 3.669751595527236 0.4683222931308792
3 -3.5438097704077274 0.5090628036908309
4 -1.171160886143033 -0.3722954343521492
5 -1.352128349261124 -3.435256940164865
6 -3.535066916006181 -3.5638409059063685
7 0.06494961037527153 -2.776482565724714
8 -3.4406883032728226 4.559093080589483
9 1.6608120140498883 -3.358744636655824
0 1.690518693574411 4.652816460412365
1 -1.3505601046507412 -1.288327049498343
2 3.5651436268850585 0.5384409973028709
3 -3.508358479012177 0.3784580872406716
4 -1.302999869033765 -0.18362136226950998
5 -1.3586955290376355 -3.391742800979454
6 -3.3632177173387463 -3.5823552536600216
7 -0.06771414902273917 -2.72939043020534
8 -3.594447131869656 4.6479191381186915
9 1.7351393188155786 -3.3741093439164485
0 1.7644691571215563 4.752290690541886
1 -1.1721368494970055 -1.301039840396173
2 3.460535658242881 0.6085597014748626
3 -3.4729071876166264 0.24785337079051228
4 -1.434838851924497 0.005052709813129219
5 -1.365262708814147 -3.3482286617940433
6 -3.1913685186713114 -3.6008696014136747
7 -0.20037790842074987 -2.6822982946859657
8 -3.748205960466489 4.7367451956479
9 1.8094666235812689 -3.389474051177073
0 1.8384196206687016 4.851764920671408
1 -0.9937135943432698 -1.3137526312940029
2 3.355927689600703 0.6786784056468543
3 -3.437455896221076 0.11724865434035298
4 -1.566677834815229 0.19372678189576842
5 -1.3718298885906584 -3.3047145226086325
6 -3.0195193200038766 -3.619383949167328
7 -0.33304166781876055 -2.6352061591665916
8 -3.9019647890633222 4.825571253177108
9 1.8837939283469591 -3.404838758437698
0 1.9123700842158469 4.951239150800929
1 -0.8152903391895341 -1.3264654221918328
2 3.2513197209585254 0.7487971098188461
3 -3.4020046048255255 -0.013356062109806333
4 -1.698516817705961 0.3824008539784076
5 -1.3783970683671698 -3.2612003834232217
6 -2.8476701213364417 -3.637898296920981
7 -0.4657054272167712 -2.5881140236472175
8 -4.055723617660155 4.914397310706316
9 1.9581212331126494 -3.4202034656983225
0 1.9863205477629922 4.949286619069549
1 -0.6368670840357984 -1.3391782130896628
2 3.1467117523163477 0.8189158139908378
3 -3.366553313429975 -0.14396077855996564
4 -1.8303558005966931 0.5710749260610468
5 -1.3849642481436812 -3.217686244237811
6 -2.675820922669007 -3.656412644674634
7 -0.5983691866147819 -2.5410218881278435
8 -4.209482446256988 4.996776631764476
9 2.0324485378783397 -3.435568172958947
0 2.0602710113101375 4.849812388940028
1 -0.4584438288820627 -1.3518910039874927
2 3.04210378367417 0.8890345181628295
3 -3.3311020220344245 -0.27456549501012495
4 -1.9621947834874252 0.759748998143686
5 -1.3915314279201927 -3.1741721050524
6 -2.503971724001572 -3.6749269924282872
7 -0.7310329460127926 -2.4939297526084694
8 -4.363241274853821 4.907950574235268
9 2.10677584264403 -3.450932880219572
0 2.1342214748572825 4.750338158810506
1 -0.280020573728327 -1.3646037948853227
2 2.9374958150319923 0.9591532223348213
3 -3.295650730638874 -0.40517021146028426
4 -2.094033766378157 0.9484230702263252
5 -1.3980986076967041 -3.1306579658669893
6 -2.332122525334137 -3.6934413401819404
7 -0.8636967054108032 -2.4468376170890953
8 -4.517000103450654 4.81912451670606
9 2.1811031474097202 -3.4662975874801965
0 2.2081719384044276 4.650863928680985
1 -0.10159731857459131 -1.3773165857831526
2 2.8328878463898146 1.0292719265068129
3 -3.2601994392433236 -0.5357749279104436
4 -2.225872749268889 1.1370971423089644
5 -1.4046657874732156 -3.0871438266815785
6 -2.1602733266667022 -3.7119556879355935
7 -0.9963604648088139 -2.3997454815697212
8 -4.6707589320474865 4.7302984591768515
9 2.2554304521754105 -3.481662294740821
0 2.2821224019515727 4.551389698551463
1 0.07682593657914438 -1.3900293766809826
2 2.728279877747637 1.0993906306788046
3 -3.224748147847773 -0.6663796443606029
4 -2.357711732159621 1.3257712143916036
5 -1.411232967249727 -3.0436296874961677
6 -1.9884241279992676 -3.7304700356892466
7 -1.1290242242068247 -2.352653346050347
8 -4.824517760644319 4.641472401647643
9 2.3297577569411008 -3.497027002001446
0 2.3560728654987177 4.451915468421942
1 0.2552491917328801 -1.4027421675788125
2 2.623671909105459 1.1695093348507963
3 -3.1892968564522226 -0.7969843608107623
4 -2.489550715050353 1.5144452864742428
5 -1.4178001470262385 -3.000115548310757
6 -1.816574929331833 -3.7489843834428997
7 -1.2616879836048354 -2.305561210530973
8 -4.978276589241152 4.552646344118435
9 2.404085061706791 -3.5123917092620704
0 2.430023329045863 4.35244123829242
1 0.43367244688661577 -1.4154549584766425
2 2.5190639404632815 1.239628039022788
3 -3.153845565056672 -0.9275890772609217
4 -2.621389697941085 1.703119358556882
5 -1.42436732680275 -2.956601409125346
6 -1.6447257306643983 -3.767498731196553
7 -1.394351743002846 -2.258469075011599
8 -4.867964582162015 4.463820286589227
9 2.4784123664724813 -3.527756416522695
0 2.503973792593008 4.252967008162899
1 0.6120957020403515 -1.4281677493744724
2 2.414455971821104 1.3097467431947798
3 -3.1183942736611217 -1.058193793711081
4 -2.753228680831817 1.8917934306395212
5 -1.4309345065792614 -2.9130872699399353
6 -1.4728765319969637 -3.786013078950206
7 -1.5270155024008567 -2.211376939492225
8 -4.7142057535651825 4.374994229060019
9 2.5527396712381716 -3.54312112378332
0 2.577924256140153 4.153492778033377
1 0.7905189571940872 -1.4408805402723024
2 2.309848003178926 1.3798654473667715
3 -3.082942982265571 -1.1887985101612404
4 -2.885067663722549 2.0804675027221604
5 -1.4375016863557728 -2.8695731307545245
6 -1.301027333329529 -3.804527426703859
7 -1.6596792617988674 -2.164284803972851
8 -4.56044692496835 4.286168171530811
9 2.627066976003862 -3.5584858310439444
0 2.651874719687298 4.054018547903856
1 0.9689422123478229 -1.4535933311701323
2 2.2052400345367484 1.4499841515387633
3 -3.0474916908700207 -1.3194032266113997
4 -3.0169066466132812 2.2691415748047996
5 -1.4440688661322842 -2.8260589915691137
6 -1.1291781346620944 -3.8230417744575123
7 -1.792343021196878 -2.1171926684534768
8 -4.406688096371517 4.197342114001603
9 2.701394280769552 -3.573850538304569
0 2.725825183234443 3.9545443177743342
1 1.1473654675015585 -1.4663061220679623
2 2.1006320658945707 1.520102855710755
3 -3.01204039947447 -1.4500079430615591
4 -3.1487456295040133 2.457815646887439
5 -1.4506360459087957 -2.782544852383703
6 -0.9573289359946597 -3.8415561222111654
7 -1.9250067805948887 -2.0701005329341027
8 -4.252929267774684 4.108516056472395
9 2.7757215855352424 -3.589215245565194
0 2.799775646781588 3.8550700876448127
1 1.3257887226552942 -1.4790189129657922
2 1.996024097252393 1.5902215598827467
3 -2.9765891080789197 -1.5806126595117185
4 -3.2805846123947453 2.646489718970078
5 -1.4572032256853071 -2.739030713198292
6 -0.7854797373272251 -3.8600704699648185
7 -2.0576705399928996 -2.0230083974147286
8 -4.099170439177851 4.0196899989431865
9 2.8500488903009327 -3.6045799528258184
0 2.8737261103287333 3.7555958575152912
1 1.50421197780903 -1.4917317038636222
2 1.8914161286102154 1.6603402640547384
3 -2.9411378166833693 -1.7112173759618778
4 -3.4124235952854773 2.835163791052717
5 -1.4637704054618186 -2.6955165740128813
6 -0.6136305386597904 -3.8785848177184716
7 -2.1903342993909103 -1.9759162618953545
8 -3.945411610581018 3.9308639414139783
9 2.924376195066623 -3.619944660086443
0 2.9476765738758783 3.6561216273857697
1 1.6826352329627656 -1.5044444947614521
2 1.7868081599680377 1.7304589682267302
3 -2.905686525287819 -1.8418220924120372
4 -3.5442625781762094 3.0238378631353564
5 -1.47033758523833 -2.6520024348274704
6 -0.4417813399923558 -3.8970991654721248
7 -2.322998058788921 -1.9288241263759804
8 -3.791652781984185 3.84203788388477
9 2.998703499832313 -3.6353093673470678
0 3.0216270374230234 3.5566473972562482
1 1.8610584881165013 -1.517157285659282
2 1.68220019132586 1.800577672398722
3 -2.8702352338922683 -1.9724268088621966
4 -3.6761015610669414 3.2125119352179956
5 -1.4769047650148415 -2.6084882956420596
6 -0.26993214132492116 -3.915613513225778
7 -2.4556618181869316 -1.8817319908566064
8 -3.6378939533873518 3.753211826355562
9 3.0730308045980035 -3.6506740746076924
0 3.0955775009701685 3.4571731671267267
1 2.039481743270237 -1.529870076557112
2 1.5775922226836823 1.8706963765707136
3 -2.834783942496718 -2.103031525312356
4 -3.8079405439576735 3.401186007300635
5 -1.483471944791353 -2.564974156456649
6 -0.09808294265748649 -3.934127860979431
7 -2.5883255775849423 -1.8346398553372323
8 -3.4841351247905186 3.664385768826354
9 3.1473581093636938 -3.666038781868317
0 3.1695279645173136 3.3576989369972052
1 2.2179049984239727 -1.542582867454942
2 1.4729842540415046 1.9408150807427054
3 -2.7993326511011674 -2.233636241762515
4 -3.9397795268484055 3.589860079383274
5 -1.4900391245678644 -2.521460017271238
6 0.07376625600994818 -3.952642208733084
7 -2.720989336982953 -1.7875477198178582
8 -3.3303762961936854 3.575559711297146
9 3.221685414129384 -3.6814034891289418
0 3.2434784280644586 3.2582247068676837
1 2.3963282535777086 -1.555295658352772
2 1.3683762853993269 2.010933784914697
3 -2.763881359705617 -2.364240958212674
4 -4.071618509739137 3.778534151465913
5 -1.4966063043443758 -2.4779458780858272
6 0.24561545467738286 -3.9711565564867373
7 -2.8536530963809636 -1.7404555842984841
8 -3.176617467596852 3.4867336537679376
9 3.2960127188950743 -3.6967681963895664
0 3.3174288916116037 3.1587504767381622
1 2.5747515087314445 -1.568008449250602
2 1.2637683167571492 2.0810524890866886
3 -2.7284300683100664 -2.4948456746628334
4 -4.203457492629869 3.9672082235485524
5 -1.5031734841208872 -2.4344317389004164
6 0.4174646533448175 -3.9896709042403904
7 -2.9863168557789743 -1.69336344877911
8 -3.022858639000019 3.3979075962387295
9 3.3703400236607646 -3.712132903650191
0 3.3913793551587488 3.0592762466086407
1 2.7531747638851805 -1.5807212401484318
2 1.1591603481149715 2.1511711932586803
3 -2.692978776914516 -2.6254503911129925
4 -4.3352964755206 4.155882295631192
5 -1.5097406638973987 -2.3909175997150056
6 0.5893138520122522 -4.0081852519940435
7 -3.118980615176985 -1.646271313259736
8 -2.8690998104031857 3.3090815387095214
9 3.444667328426455 -3.7274976109108158
0 3.465329818705894 2.9598020164791192
1 2.9315980190389164 -1.5934340310462618
2 1.0545523794727938 2.221289897430672
3 -2.6575274855189654 -2.7560551075631516
4 -4.467135458411332 4.344556367713831
5 -1.5163078436739101 -2.347403460529595
6 0.7611630506796868 -4.026699599747697
7 -3.2516443745749957 -1.599179177740362
8 -2.7153409818063525 3.2202554811803132
9 3.518994633192145 -3.7428623181714404
0 3.539280282253039 2.8603277863495977
1 3.1100212741926523 -1.6061468219440918
2 0.9499444108306161 2.291408601602664
3 -2.622076194123415 -2.886659824013311
4 -4.5989744413020635 4.53323043979647
5 -1.5228750234504216 -2.303889321344184
6 0.9330122493471215 -4.04521394750135
7 -3.3843081339730063 -1.5520870422209878
8 -2.5615821532095193 3.131429423651105
9 3.5933219379578354 -3.758227025432065
0 3.613230745800184 2.760853556220076
1 3.288444529346388 -1.6188596128419217
2 0.8453364421884384 2.3615273057746555
3 -2.5866249027278645 -3.01726454046347
4 -4.730813424192795 4.721904511879109
5 -1.529442203226933 -2.260375182158773
6 1.1048614480145562 -4.063728295255003
7 -3.516971893371017 -1.5049949067016137
8 -2.407823324612686 3.042603366121897
9 3.6676492427235257 -3.7735917326926898
0 3.687181209347329 2.6613793260905547
1 3.466867784500124 -1.6315724037397517
2 0.7407284735462607 2.4316460099466473
3 -2.551173611332314 -3.147869256913629
4 -4.862652407083527 4.910578583961748
5 -1.5360093830034445 -2.2168610429733624
6 1.2767106466819909 -4.082242643008656
7 -3.6496356527690277 -1.4579027711822397
8 -2.254064496015853 2.953777308592689
9 3.741976547489216 -3.7889564399533144
0 3.761131672894474 2.561905095961033
1 3.64529103965386 -1.6442851946375816
2 0.636120504904083 2.501764714118639
3 -2.5157223199367635 -3.278473973363788
4 -4.994491389974258 4.900747343955612
5 -1.542576562779956 -2.1733469037879516
6 1.4485598453494255 -4.100756990762309
7 -3.7822994121670384 -1.4108106356628656
8 -2.1003056674190197 2.8649512510634807
9 3.816303852254906 -3.804321147213939
0 3.835082136441619 2.4624308658315117
1 3.823714294807596 -1.6569979855354116
2 0.5315125362619053 2.5718834182906307
3 -2.480271028541213 -3.4090786898139473
4 -4.87366962713501 4.712073271872973
5 -1.5491437425564674 -2.129832764602541
6 1.6204090440168601 -4.119271338515962
7 -3.914963171565049 -1.3637185001434915
8 -1.9465468388221865 2.7761251935342726
9 3.8906311570205965 -3.8196858544745638
0 3.9090325999887643 2.36295663570199
1 4.002137549961332 -1.6697107764332415
2 0.4269045676197276 2.6420021224626224
3 -2.4448197371456626 -3.5396834062641065
4 -4.741830644244279 4.523399199790334
5 -1.5557109223329788 -2.08631862541713
6 1.7922582426842948 -4.137785686269615
7 -4.04762693096306 -1.3166263646241174
8 -1.7927880102253533 2.6872991360050644
9 3.9649584617862867 -3.8350505617351884
0 3.9829830635359094 2.2634824055724687
1 4.180560805115068 -1.6824235673310715
2 0.3222965989775499 2.712120826634614
3 -2.409368445750112 -3.6702881227142656
4 -4.609991661353547 4.334725127707695
5 -1.5622781021094903 -2.042804486231719
6 1.9641074413517294 -4.1563000340232685
7 -4.180290690361071 -1.2695342291047433
8 -1.63902918162852 2.5984730784758563
9 4.039285766551977 -3.850415268995813
0 4.056933527083054 2.164008175442947
1 4.358984060268804 -1.6951363582289014
2 0.21768863033537222 2.782239530806606
3 -2.3739171543545616 -3.8008928391644248
4 -4.478152678462815 4.146051055625056
5 -1.5688452818860017 -1.9992903470463081
6 2.135956640019164 -4.174814381776922
7 -4.312954449759082 -1.2224420935853693
8 -1.4852703530316869 2.509647020946648
9 4.113613071317667 -3.8657799762564378
0 4.1308839906302 2.0645339453134257
1 4.53740731542254 -1.7078491491267314
2 0.11308066169319454 2.8523582349785976
3 -2.338465862959011 -3.931497555614584
4 -4.346313695572084 3.9573769835424164
5 -1.5754124616625131 -1.9557762078608971
6 2.307805838686599 -4.193328729530575
7 -4.445618209157093 -1.1753499580659952
8 -1.3315115244348537 2.42082096341744
9 4.187940376083358 -3.8811446835170624
0 4.2048344541773455 1.9650597151839042
1 4.7158305705762755 -1.7205619400245613
2 0.00847269305101686 2.9224769391505894
3 -2.3030145715634607 -4.0621022720647435
4 -4.214474712681352 3.768702911459777
5 -1.5819796414390246 -1.912262068675486
6 2.479655037354034 -4.211843077284228
7 -4.578281968555104 -1.128257822546621
8 -1.1777526958380204 2.331994905888232
9 4.262267680849048 -3.896509390777687
0 4.278784917724491 1.8655854850543827
1 4.894253825730011 -1.7332747309223913
2 -0.09613527559116082 2.992595643322581
3 -2.26756328016791 -4.192706988514903
4 -4.082635729790621 3.580028839377138
5 -1.588546821215536 -1.868747929490075
6 2.6515042360214687 -4.230357425037881
7 -4.710945727953115 -1.081165687027247
8 -1.0239938672411872 2.2431688483590237
9 4.336594985614738 -3.9118740980383118
0 4.3527353812716365 1.7661112549248612
1 4.927322919116253 -1.7459875218202212
2 -0.2007432442333385 3.062714347494573
3 -2.2321119887723597 -4.323311704965063
4 -3.9507967468998886 3.391354767294499
5 -1.5951140009920475 -1.825233790304664
6 2.8233534346889035 -4.248871772791534
7 -4.843609487351126 -1.034073551507873
8 -0.8702350386443541 2.1543427908298156
9 4.410922290380428 -3.9272388052989364
0 4.426685844818782 1.6666370247953397
1 4.748899663962517 -1.7587003127180512
2 -0.3053512128755162 3.1328330516665646
3 -2.1966606973768092 -4.453916421415222
4 -3.8189577640091565 3.2026806952118596
5 -1.601681180768559 -1.781719651119253
6 2.9952026333563384 -4.267386120545187
7 -4.9762732467491375 -0.9869814159884989
8 -0.716476210047521 2.0655167333006075
9 4.485249595146119 -3.942603512559561
0 4.5006363083659275 1.5671627946658182
1 4.570476408808781 -1.7714131036158811
2 -0.4099591815176939 3.2029517558385563
3 -2.1612094059812588 -4.584521137865382
4 -3.6871187811184245 3.0140066231292204
5 -1.6082483605450704 -1.738205511933842
6 3.1670518320237733 -4.28590046829884
7 -4.891062993852851 -0.9398892804691248
8 -0.562717381450688 1.9766906757713993
9 4.559576899911809 -3.9579682198201858
0 4.574586771913073 1.4676885645362967
1 4.392053153655045 -1.784125894513711
2 -0.5145671501598715 3.273070460010548
3 -2.1257581145857083 -4.715125854315541
4 -3.5552797982276925 2.825332551046581
5 -1.6148155403215818 -1.694691372748431
6 3.338901030691208 -4.3044148160524935
7 -4.75839923445484 -0.8927971449497507
8 -0.40895855285385485 1.8878646182421912
9 4.633904204677499 -3.9733329270808104
0 4.648537235460219 1.3682143344067752
1 4.213629898501309 -1.796838685411541
2 -0.6191751188020492 3.3431891641825398
3 -2.090306823190158 -4.845730570765701
4 -3.4234408153369604 2.636658478963942
5 -1.6213827200980933 -1.65117723356302
6 3.510750229358643 -4.322929163806147
7 -4.625735475056829 -0.8457050094303766
8 -0.25519972425702175 1.799038560712983
9 4.7082315094431895 -3.988697634341435
0 4.722487699007364 1.2687401042772537
1 4.035206643347573 -1.809551476309371
2 -0.7237830874442269 3.4133078683545315
3 -2.0548555317946073 -4.976335287215861
4 -3.2916018324462284 2.447984406881303
5 -1.6279498998746047 -1.607663094377609
6 3.682599428026078 -4.3414435115598
7 -4.493071715658818 -0.7986128739110026
8 -0.10144089566018863 1.710212503183775
9 4.78255881420888 -4.00406234160206
0 4.79643816255451 1.1692658741477322
1 3.856783388193837 -1.822264267207201
2 -0.8283910560864046 3.483426572526523
3 -2.019404240399057 -4.89305999633398
4 -3.1597628495554964 2.2593103347986636
5 -1.6345170796511161 -1.5641489551921979
6 3.8544486266935127 -4.359957859313453
7 -4.360407956260807 -0.7515207383916285
8 0.052317932936644496 1.6213864456545668
9 4.85688611897457 -4.019427048862684
0 4.870388626101655 1.0697916440182107
1 3.6783601330401012 -1.8349770581050309
2 -0.9329990247285823 3.553545276698515
3 -1.9839529490035064 -4.76245527988382
4 -3.0279238666647643 2.0706362627160244
5 -1.6410842594276276 -1.5206348160067868
6 4.026297825360947 -4.378472207067106
7 -4.227744196862796 -0.7044286028722544
8 0.20607676153347762 1.5325603881253587
9 4.93121342374026 -4.034791756123308
0 4.944339089648801 0.9703174138886892
1 3.4999368778863653 -1.8476898490028608
2 -1.03760699337076 3.6236639808705067
3 -1.948501657607956 -4.631850563433661
4 -2.8960848837740323 1.8819621906333852
5 -1.647651439204139 -1.4771206768213758
6 4.198147024028382 -4.396986554820759
7 -4.095080437464785 -0.6573364673528803
8 0.35983559013031075 1.4437343305961505
9 4.9944592714940494 -4.050156463383932
0 4.981710446804054 0.8708431837591677
1 3.3215136227326294 -1.8604026399006908
2 -1.1422149620129376 3.6937826850424984
3 -1.9130503662124054 -4.501245846983501
4 -2.7642459008833002 1.693288118550746
5 -1.6542186189806505 -1.4336065376359648
6 4.369996222695816 -4.415500902574412
7 -3.962416678066774 -0.6102443318335062
8 0.5135944187271438 1.3549082730669424
9 4.920131966728359 -4.065521170644557
