2
 
1 0 0
1 0.01 0.013500000000000002
2 0.02 0.027000000000000003
1 0.03 0.04050000000000001
2 0.04 0.054000000000000006
1 0.05 0.0675
2 0.060000000000000005 0.081
1 0.07 0.0945
2 0.08 0.108
1 0.09 0.1215
2 0.09999999999999999 0.135
1 0.10999999999999999 0.14850000000000002
2 0.11999999999999998 0.16200000000000003
1 0.12999999999999998 0.17550000000000004
2 0.13999999999999999 0.18900000000000006
1 0.15 0.20250000000000007
2 0.16 0.21600000000000008
1 0.17 0.2295000000000001
2 0.18000000000000002 0.2430000000000001
1 0.19000000000000003 0.2565000000000001
2 0.20000000000000004 0.27000000000000013
1 0.21000000000000005 0.28350000000000014
2 0.22000000000000006 0.29700000000000015
1 0.23000000000000007 0.31050000000000016
2 0.24000000000000007 0.3240000000000002
1 0.25000000000000006 0.3375000000000002
2 0.26000000000000006 0.3510000000000002
1 0.2700000000000001 0.3645000000000002
2 0.2800000000000001 0.3780000000000002
1 0.2900000000000001 0.39150000000000024
2 0.3000000000000001 0.40500000000000025
1 0.3100000000000001 0.41850000000000026
2 0.3200000000000001 0.4320000000000003
1 0.3300000000000001 0.4455000000000003
2 0.34000000000000014 0.4590000000000003
1 0.35000000000000014 0.4725000000000003
2 0.36000000000000015 0.4860000000000003
1 0.37000000000000016 0.49950000000000033
2 0.38000000000000017 0.5130000000000003
1 0.3900000000000002 0.5265000000000003
2 0.4000000000000002 0.5400000000000003
1 0.4100000000000002 0.5535000000000002
2 0.4200000000000002 0.5670000000000002
1 0.4300000000000002 0.5805000000000001
2 0.4400000000000002 0.5940000000000001
1 0.45000000000000023 0.6075
2 0.46000000000000024 0.621
1 0.47000000000000025 0.6345
2 0.48000000000000026 0.6479999999999999
1 0.49000000000000027 0.6614999999999999
2 0.5000000000000002 0.6749999999999998
1 0.5100000000000002 0.6884999999999998
2 0.5200000000000002 0.7019999999999997
1 0.5300000000000002 0.7154999999999997
2 0.5400000000000003 0.7289999999999996
1 0.5500000000000003 0.7424999999999996
2 0.5600000000000003 0.7559999999999996
1 0.5700000000000003 0.7694999999999995
2 0.5800000000000003 0.7829999999999995
1 0.5900000000000003 0.7964999999999994
2 0.6000000000000003 0.8099999999999994
1 0.6100000000000003 0.8234999999999993
2 0.6200000000000003 0.8369999999999993
1 0.6300000000000003 0.8504999999999993
2 0.6400000000000003 0.8639999999999992
1 0.6500000000000004 0.8774999999999992
2 0.6600000000000004 0.8909999999999991
1 0.6700000000000004 0.9044999999999991
2 0.6800000000000004 0.917999999999999
1 0.6900000000000004 0.931499999999999
2 0.7000000000000004 0.944999999999999
1 0.7100000000000004 0.9584999999999989
2 0.7200000000000004 0.9719999999999989
1 0.7300000000000004 0.9854999999999988
2 0.7400000000000004 0.9989999999999988
1 0.7500000000000004 1.0124999999999988
2 0.7600000000000005 1.025999999999999
1 0.7700000000000005 1.039499999999999
2 0.7800000000000005 1.052999999999999
1 0.7900000000000005 1.0664999999999991
2 0.8000000000000005 1.0799999999999992
1 0.8100000000000005 1.0934999999999993
2 0.8200000000000005 1.1069999999999993
1 0.8300000000000005 1.1204999999999994
2 0.8400000000000005 1.1339999999999995
1 0.8500000000000005 1.1474999999999995
2 0.8600000000000005 1.1609999999999996
1 0.8700000000000006 1.1744999999999997
2 0.8800000000000006 1.1879999999999997
1 0.8900000000000006 1.2014999999999998
2 0.9000000000000006 1.2149999999999999
1 0.9100000000000006 1.2285
2 0.9200000000000006 1.242
1 0.9300000000000006 1.2555
2 0.9400000000000006 1.2690000000000001
1 0.9500000000000006 1.2825000000000002
2 0.9600000000000006 1.2960000000000003
1 0.9700000000000006 1.3095000000000003
2 0.9800000000000006 1.3230000000000004
1 0.9900000000000007 1.3365000000000005
2 1.0000000000000007 1.3500000000000005
1 1.0100000000000007 1.3635000000000006
2 1.0200000000000007 1.3770000000000007
1 1.0300000000000007 1.3905000000000007
2 1.0400000000000007 1.4040000000000008
1 1.0500000000000007 1.4175000000000009
2 1.0600000000000007 1.431000000000001
1 1.0700000000000007 1.444500000000001
2 1.0800000000000007 1.458000000000001
1 1.0900000000000007 1.4715000000000011
2 1.1000000000000008 1.4850000000000012
1 1.1100000000000008 1.4985000000000013
2 1.1200000000000008 1.5120000000000013
1 1.1300000000000008 1.5255000000000014
2 1.1400000000000008 1.5390000000000015
1 1.1500000000000008 1.5525000000000015
2 1.1600000000000008 1.5660000000000016
1 1.1700000000000008 1.5795000000000017
2 1.1800000000000008 1.5930000000000017
1 1.1900000000000008 1.6065000000000018
2 1.2000000000000008 1.6200000000000019
1 1.2100000000000009 1.633500000000002
2 1.2200000000000009 1.647000000000002
1 1.2300000000000009 1.660500000000002
2 1.2400000000000009 1.6740000000000022
1 1.2500000000000009 1.6875000000000022
2 1.260000000000001 1.7010000000000023
1 1.270000000000001 1.7145000000000024
2 1.280000000000001 1.7280000000000024
1 1.290000000000001 1.7415000000000025
2 1.300000000000001 1.7550000000000026
1 1.310000000000001 1.7685000000000026
2 1.320000000000001 1.7820000000000027
1 1.330000000000001 1.7955000000000028
2 1.340000000000001 1.8090000000000028
1 1.350000000000001 1.822500000000003
2 1.360000000000001 1.836000000000003
1 1.370000000000001 1.849500000000003
2 1.380000000000001 1.863000000000003
1 1.390000000000001 1.8765000000000032
2 1.400000000000001 1.8900000000000032
1 1.410000000000001 1.9035000000000033
2 1.420000000000001 1.9170000000000034
1 1.430000000000001 1.9305000000000034
2 1.440000000000001 1.9440000000000035
1 1.450000000000001 1.9575000000000036
2 1.460000000000001 1.9710000000000036
1 1.470000000000001 1.9845000000000037
2 1.480000000000001 1.9980000000000038
1 1.490000000000001 2.011500000000004
2 1.500000000000001 2.025000000000004
1 1.5100000000000011 2.038500000000004
2 1.5200000000000011 2.052000000000004
1 1.5300000000000011 2.065500000000004
2 1.5400000000000011 2.079000000000004
1 1.5500000000000012 2.0925000000000042
2 1.5600000000000012 2.1060000000000043
1 1.5700000000000012 2.1195000000000044
2 1.5800000000000012 2.1330000000000044
1 1.5900000000000012 2.1465000000000045
2 1.6000000000000012 2.1600000000000046
1 1.6100000000000012 2.1735000000000047
2 1.6200000000000012 2.1870000000000047
1 1.6300000000000012 2.200500000000005
2 1.6400000000000012 2.214000000000005
1 1.6500000000000012 2.227500000000005
2 1.6600000000000013 2.241000000000005
1 1.6700000000000013 2.254500000000005
2 1.6800000000000013 2.268000000000005
1 1.6900000000000013 2.281500000000005
2 1.7000000000000013 2.2950000000000053
1 1.7100000000000013 2.3085000000000053
2 1.7200000000000013 2.3220000000000054
1 1.7300000000000013 2.3355000000000055
2 1.7400000000000013 2.3490000000000055
1 1.7500000000000013 2.3625000000000056
2 1.7600000000000013 2.3760000000000057
1 1.7700000000000014 2.3895000000000057
2 1.7800000000000014 2.403000000000006
1 1.7900000000000014 2.416500000000006
2 1.8000000000000014 2.430000000000006
1 1.8100000000000014 2.443500000000006
2 1.8200000000000014 2.457000000000006
1 1.8300000000000014 2.470500000000006
2 1.8400000000000014 2.484000000000006
1 1.8500000000000014 2.4975000000000063
2 1.8600000000000014 2.5110000000000063
1 1.8700000000000014 2.5245000000000064
2 1.8800000000000014 2.5380000000000065
1 1.8900000000000015 2.5515000000000065
2 1.9000000000000015 2.5650000000000066
1 1.9100000000000015 2.5785000000000067
2 1.9200000000000015 2.5920000000000067
1 1.9300000000000015 2.605500000000007
2 1.9400000000000015 2.619000000000007
1 1.9500000000000015 2.632500000000007
2 1.9600000000000015 2.646000000000007
1 1.9700000000000015 2.659500000000007
2 1.9800000000000015 2.673000000000007
1 1.9900000000000015 2.686500000000007
2 2.0000000000000013 2.7000000000000073
